0.5762
0.5762
0.5753
0.5756
0.5765
0.5774
0.5780
0.5795
0.5789
0.5789
0.5783
0.5777
0.5771
0.5789
0.5774
0.5777
0.5771
0.5777
0.5774
0.5783
0.5795
0.5798
0.5801
0.5786
0.5777
0.5768
0.5780
0.5783
0.5762
0.5765
0.5774
0.5780
0.5786
0.5780
0.5786
0.5792
0.5811
0.5798
0.5786
0.5780
0.5786
0.5786
0.5783
0.5792
0.5789
0.5789
0.5783
0.5789
0.5795
0.5798
0.5814
0.5801
0.5817
0.5807
0.5750
0.5783
0.5768
0.5771
0.5780
0.5780
0.5807
0.5814
0.5811
0.5807
0.5792
0.5786
0.5762
0.5762
0.5750
0.5759
0.5771
0.5756
0.5762
0.5765
0.5759
0.5768
0.5786
0.5792
0.5789
0.5792
0.5792
0.5777
0.5756
0.5756
0.5759
0.5768
0.5768
0.5783
0.5777
0.5795
0.5789
0.5804
0.5795
0.5786
0.5792
0.5777
0.5777
0.5771
0.5768
0.5771
0.5774
0.5780
0.5792
0.5792
0.5804
0.5811
0.5817
0.5814
0.5814
0.5811
0.5798
0.5783
0.5777
0.5780
0.5783
0.5795
0.5774
0.5771
0.5780
0.5780
0.5792
0.5795
0.5798
0.5801
0.5795
0.5789
0.5783
0.5795
0.5798
0.5795
0.5798
0.5795
0.5811
0.5811
0.5801
0.5795
0.5792
0.5795
0.5807
0.5804
0.5783
0.5777
0.5780
0.5789
0.5795
0.5777
0.5762
0.5768
0.5771
0.5759
0.5753
0.5774
0.5780
0.5771
0.5783
0.5762
0.5774
0.5786
0.5801
0.5789
0.5789
0.5804
0.5804
0.5811
0.5804
0.5804
0.5811
0.5795
0.5792
0.5789
0.5768
0.5740
0.5725
0.5746
0.5743
0.5750
0.5762
0.5768
0.5771
0.5771
0.5774
0.5777
0.5792
0.5801
0.5792
0.5783
0.5792
0.5777
0.5771
0.5750
0.5743
0.5750
0.5765
0.5756
0.5774
0.5783
0.5780
0.5783
0.5789
0.5780
0.5789
0.5789
0.5774
0.5768
0.5771
0.5777
0.5786
0.5798
0.5786
0.5783
0.5786
0.5774
0.5768
0.5777
0.5777
0.5768
0.5777
0.5786
0.5771
0.5783
0.5777
0.5774
0.5765
0.5762
0.5765
0.5756
0.5756
0.5771
0.5756
0.5765
0.5756
0.5750
0.5743
0.5737
0.5740
0.5737
0.5743
0.5750
0.5765
0.5756
0.5701
0.5759
0.5762
0.5768
0.5771
0.5774
0.5780
0.5777
0.5771
0.5795
0.5777
0.5777
0.5771
0.5753
0.5743
0.5737
0.5759
0.5762
0.5777
0.5777
0.5771
0.5762
0.5756
0.5771
0.5780
0.5777
0.5783
0.5807
0.5811
0.5804
0.5811
0.5814
0.5792
0.5798
0.5804
0.5792
0.5780
0.5762
0.5768
0.5774
0.5750
0.5743
0.5768
0.5756
0.5737
0.5743
0.5759
0.5759
0.5759
0.5762
0.5777
0.5762
0.5746
0.5743
0.5750
0.5759
0.5762
0.5771
0.5774
0.5780
0.5804
0.5798
0.5792
0.5789
0.5774
0.5762
0.5771
0.5789
0.5780
0.5756
0.5762
0.5765
0.5762
0.5765
0.5768
0.5762
0.5750
0.5731
0.5737
0.5759
0.5777
0.5765
0.5756
0.5750
0.5756
0.5762
0.5762
0.5756
0.5774
0.5774
0.5780
0.5792
0.5786
0.5783
0.5795
0.5804
0.5801
0.5811
0.5804
0.5811
0.5789
0.5792
0.5786
0.5777
0.5780
0.5786
0.5774
0.5765
0.5768
0.5771
0.5777
0.5777
0.5768
0.5759
0.5762
0.5777
0.5777
0.5780
0.5759
0.5759
0.5774
0.5789
0.5780
0.5792
0.5792
0.5789
0.5798
0.5801
0.5780
0.5789
0.5774
0.5756
0.5765
0.5765
0.5771
0.5762
0.5771
0.5771
0.5768
0.5768
0.5765
0.5771
0.5771
0.5795
0.5804
0.5786
0.5774
0.5783
0.5783
0.5792
0.5804
0.5811
0.5811
0.5798
0.5807
0.5804
0.5820
0.5795
0.5804
0.5804
0.5804
0.5814
0.5817
0.5817
0.5820
0.5823
0.5795
0.5804
0.5786
0.5780
0.5792
0.5817
0.5817
0.5826
0.5826
0.5826
0.5814
0.5817
0.5801
0.5807
0.5795
0.5786
0.5777
0.5777
0.5762
0.5777
0.5789
0.5789
0.5783
0.5756
0.5743
0.5756
0.5768
0.5768
0.5774
0.5780
0.5780
0.5771
0.5780
0.5780
0.5780
0.5774
0.5789
0.5762
0.5756
0.5762
0.5750
0.5756
0.5756
0.5777
0.5774
0.5789
0.5762
0.5765
0.5780
0.5777
0.5771
0.5762
0.5753
0.5753
0.5765
0.5759
0.5753
0.5743
0.5774
0.5771
0.5762
0.5762
0.5774
0.5780
0.5780
0.5798
0.5792
0.5795
0.5807
0.5829
0.5811
0.5823
0.5804
0.5798
0.5811
0.5807
0.5807
0.5820
0.5801
0.5801
0.5795
0.5789
0.5804
0.5807
0.5801
0.5783
0.5798
0.5792
0.5789
0.5777
0.5783
0.5798
0.5786
0.5777
0.5756
0.5740
0.5746
0.5737
0.5743
0.5740
0.5746
0.5768
0.5768
0.5774
0.5795
0.5792
0.5786
0.5786
0.5780
0.5771
0.5789
0.5795
0.5792
0.5777
0.5777
0.5765
0.5774
0.5795
0.5798
0.5780
0.5759
0.5777
0.5786
0.5789
0.5786
0.5783
0.5762
0.5762
0.5777
0.5786
0.5780
0.5774
0.5780
0.5786
0.5786
0.5774
0.5762
0.5756
0.5750
0.5762
0.5768
0.5774
0.5798
0.5777
0.5756
0.5771
0.5789
0.5780
0.5786
0.5786
0.5777
0.5771
0.5756
0.5756
0.5780
0.5765
0.5756
0.5765
0.5768
0.5774
0.5756
0.5771
0.5759
0.5777
0.5771
0.5768
0.5771
0.5789
0.5789
0.5795
0.5801
0.5807
0.5804
0.5789
0.5740
0.5789
0.5786
0.5786
0.5786
0.5789
0.5826
0.5765
0.5756
0.5746
0.5737
0.5750
0.5753
0.5771
0.5777
0.5765
0.5789
0.5795
0.5804
0.5826
0.5820
0.5811
