1.2930
1.2930
1.2915
1.2912
1.2906
1.2891
1.2872
1.2891
1.2878
1.2875
1.2939
1.2897
1.2903
1.2918
1.2939
1.2933
1.2930
1.2952
1.2939
1.2958
1.2939
1.2946
1.2949
1.2943
1.2921
1.2909
1.2906
1.2888
1.2872
1.2878
1.2860
1.2866
1.2854
1.2863
1.2885
1.2878
1.2881
1.2857
1.2903
1.2912
1.2939
1.2933
1.2936
1.2952
1.2943
1.2946
1.2946
1.2955
1.2943
1.2939
1.2943
1.2936
1.2927
1.2933
1.2918
1.2921
1.2943
1.2939
1.2943
1.2949
1.2946
1.2943
1.2949
1.2955
1.2943
1.2946
1.2943
1.2924
1.2915
1.2915
1.2906
1.2903
1.2918
1.2921
1.2921
1.2921
1.2930
1.2939
1.2933
1.2933
1.2936
1.2927
1.2924
1.2915
1.2909
1.2909
1.2924
1.2927
1.2939
1.2946
1.2952
1.2955
1.2967
1.2961
1.2964
1.2961
1.2949
1.2943
1.2933
1.2921
1.2915
1.2909
1.2909
1.2915
1.2921
1.2927
1.2939
1.2918
1.2912
1.2918
1.2933
1.2936
1.2936
1.2939
1.2933
1.2930
1.2930
1.2933
1.2943
1.2943
1.2943
1.2943
1.3004
1.2936
1.2946
1.2943
1.2933
1.2936
1.2949
1.2943
1.2958
1.2946
1.2939
1.2933
1.2943
1.2936
1.2921
1.2915
1.2912
1.2909
1.2939
1.2946
1.2964
1.2970
1.2970
1.2988
1.2979
1.2979
1.2979
1.2988
1.2973
1.2985
1.2985
1.2976
1.2976
1.2976
1.2955
1.2943
1.2939
1.2915
1.2921
1.2921
1.2903
1.2921
1.2915
1.2924
1.2933
1.2930
1.2924
1.2939
1.2943
1.2939
1.2943
1.2952
1.2952
1.2952
1.2949
1.2939
1.2927
1.2918
1.2906
1.2906
1.2912
1.2906
1.2894
1.2881
1.2881
1.2897
1.2906
1.2909
1.2921
1.2933
1.2946
1.2964
1.2982
1.2988
1.2988
1.2979
1.2973
1.2964
1.2961
1.2939
1.2964
1.2964
1.2958
1.2967
1.2952
1.2949
1.2955
1.2943
1.2946
1.2946
1.2949
1.2939
1.2936
1.2933
1.2924
1.2918
1.2918
1.2927
1.2930
1.2933
1.2943
1.2955
1.2949
1.2958
1.2958
1.2970
1.2964
1.2961
1.2967
1.2955
1.2949
1.2939
1.2936
1.2933
1.2939
1.2939
1.2943
1.2952
1.2952
1.2961
1.2976
1.2964
1.2970
1.2961
1.2946
1.2927
1.2930
1.2924
1.2927
1.2918
1.2915
1.2906
1.2909
1.2897
1.2897
1.2900
1.2860
1.2900
1.2903
1.2900
1.2906
1.2900
1.2891
1.2894
1.2903
1.2866
1.2903
1.2903
1.2924
1.2933
1.2921
1.2921
1.2909
1.2924
1.2921
1.2927
1.2939
1.2930
1.2936
1.2927
1.2924
1.2933
1.2933
1.2930
1.2930
1.2918
1.2906
1.2906
1.2885
1.2869
1.2869
1.2885
1.2881
1.2885
1.2897
1.2897
1.2900
1.2906
1.2906
1.2900
1.2909
1.2891
1.2903
1.2891
1.2888
1.2881
1.2875
1.2903
1.2903
1.2918
1.2909
1.2915
1.2915
1.2918
1.2909
1.2930
1.2930
1.2943
1.2939
1.2927
1.2933
1.2930
1.2918
1.2906
1.2900
1.2897
1.2903
1.2918
1.2918
1.2924
1.2933
1.2933
1.2933
1.2952
1.2946
1.2958
1.2967
1.2955
1.2949
1.2949
1.2946
1.2961
1.2961
1.2949
1.2967
1.2979
1.2982
1.3004
1.3000
1.2976
1.2970
1.2973
1.2955
1.2949
1.2943
1.2936
1.2943
1.2936
1.2927
1.2921
1.2939
1.2943
1.2933
1.2943
1.2946
1.2955
1.2946
1.2943
1.2949
1.2943
1.2958
1.2958
1.2952
1.2958
1.2955
1.2949
1.2949
1.2943
1.2936
1.2930
1.2924
1.2915
1.2924
1.2946
1.2939
1.2930
1.2933
1.2943
1.2930
1.2933
1.2924
1.2909
1.2912
1.2878
1.2900
1.2900
1.2790
1.2891
1.2878
1.2897
1.2881
1.2888
1.2885
1.2924
1.2930
1.2930
1.2943
1.2939
1.2939
1.2949
1.2936
1.2949
1.2930
1.2939
1.2939
1.2933
1.2936
1.2936
1.2927
1.2921
1.2915
1.2906
1.2918
1.2924
1.2927
1.2939
1.2949
1.2955
1.2976
1.2970
1.2958
1.2967
1.2967
1.2952
1.2949
1.2939
1.2933
1.2939
1.2924
1.2912
1.2918
1.2918
1.2921
1.2924
1.2933
1.2927
1.2930
1.2921
1.2918
1.2909
1.2897
1.2918
1.2924
1.2921
1.2946
1.2939
1.2930
1.2930
1.2912
1.2912
1.2912
1.2903
1.2885
1.2888
1.2881
1.2869
1.2881
1.2881
1.2881
1.2900
1.2900
1.2897
1.2909
1.2915
1.2903
1.2921
1.2927
1.2915
1.2921
1.2915
1.2888
1.2903
1.2906
1.2891
1.2918
1.2915
1.2924
1.2952
1.2964
1.2949
1.2964
1.2958
1.2949
1.2955
1.2933
1.2930
1.2936
1.2939
1.2949
1.2921
1.2924
1.2933
1.2943
1.2939
1.2927
1.2939
1.2946
1.2930
1.2936
1.2949
1.2952
1.2943
1.2943
1.2952
1.2952
1.2967
1.2964
1.2958
1.2970
1.2955
1.2952
1.2952
1.2939
1.2949
1.2949
1.2939
1.2930
1.2930
1.2933
1.2921
1.2918
1.2900
1.2891
1.2894
1.2894
1.2903
1.2906
1.2915
1.2909
1.2918
1.2915
1.2924
1.2936
1.2927
1.2927
1.2918
1.2924
1.2924
1.2909
1.2912
1.2897
1.2875
1.2878
1.2881
1.2891
1.2891
1.2912
1.2915
1.2915
1.2943
1.2943
1.2933
1.2961
1.2964
1.2967
1.2964
1.2939
1.2930
1.2933
1.2933
1.2943
1.2949
1.2949
1.2943
1.2961
1.2967
1.2949
1.2967
1.2967
1.2970
1.2976
1.2964
1.2866
1.2973
1.2961
1.2946
1.2946
1.2946
1.2930
1.2949
1.2964
1.2943
1.2949
1.2943
1.2930
1.2958
1.2958
1.2958
1.2958
1.2952
