0.3915
0.3918
0.3769
0.3580
0.3516
0.3857
0.3873
0.3519
0.3787
0.3717
0.3708
0.4398
0.4846
0.4605
0.4370
0.4663
0.4474
0.4019
0.3864
0.4248
0.4532
0.4431
0.4340
0.4312
0.4388
0.4559
0.3943
0.3763
0.3622
0.3619
0.3555
0.3784
0.3821
0.3674
0.4062
0.3860
0.4013
0.4367
0.4459
0.4321
0.3867
0.3552
0.3650
0.3931
0.4141
0.4129
0.4089
0.4141
0.4059
0.4361
0.4907
0.4959
0.4578
0.4208
0.3906
0.4150
0.4150
0.3992
0.4123
0.4037
0.4300
0.5078
0.4956
0.4974
0.4462
0.4376
0.4221
0.4630
0.4327
0.4236
0.4156
0.4086
0.4492
0.5280
0.5365
0.4810
0.4324
0.4135
0.3964
0.4169
0.4248
0.4297
0.4321
0.4294
0.4089
0.3604
0.3607
0.4266
0.4553
0.4199
0.4236
0.3952
0.3772
0.3943
0.4077
0.4700
0.4797
0.4791
0.4730
0.4431
0.4227
0.4346
0.4831
0.4373
0.3979
0.3955
0.3690
0.3613
0.3903
0.4788
0.4642
0.4861
0.5469
0.5682
0.5109
0.4611
0.4092
0.3589
0.3378
0.3558
0.4007
0.3827
0.3589
0.3525
0.3690
0.4153
0.4175
0.3970
0.4181
0.4639
0.4599
0.4398
0.4065
0.3992
0.3885
0.3961
0.4001
0.4129
0.4443
0.4333
0.4230
0.4187
0.4489
0.5350
0.5692
0.4968
0.4437
0.4059
0.4010
0.4208
0.4144
0.3879
0.3864
0.4300
0.4001
0.3625
0.3763
0.3802
0.3867
0.4160
0.3842
0.3619
0.3693
0.3683
0.3812
0.4056
0.3818
0.3864
0.3796
0.3641
0.3467
0.3833
0.4153
0.4379
0.4434
0.4239
0.4340
0.4321
0.4276
0.3940
0.3900
0.3555
0.3561
0.3955
0.3995
0.4056
0.4608
0.4269
0.4077
0.4480
0.4111
0.3784
0.4272
0.4349
0.4578
0.4404
0.4425
0.4120
0.4144
0.4407
0.4904
0.4922
0.4465
0.3943
0.3809
0.3949
0.3979
0.4160
0.4352
0.4385
0.4520
0.4727
0.4645
0.4260
0.4135
0.4031
0.4181
0.4306
0.4221
0.3922
0.4123
0.4871
0.5252
0.5008
0.4529
0.4211
0.4074
0.4495
0.4633
0.4587
0.4395
0.4269
0.4501
0.3937
0.3568
0.3882
0.4050
0.4361
0.4211
0.4163
0.4144
0.3937
0.4102
0.4358
0.4950
0.5170
0.4657
0.4163
0.3842
0.3931
0.4486
0.4526
0.4349
0.4309
0.3918
0.3766
0.3729
0.4156
0.4337
0.4504
0.4416
0.4019
0.4132
0.4163
0.3741
0.3802
0.3955
0.4321
0.4388
0.4553
0.4303
0.4517
0.4501
0.4419
0.4236
0.4163
0.4031
0.3937
0.4037
0.4199
0.4395
0.4205
0.4224
0.4266
0.4642
0.4819
0.4361
0.4288
0.4324
0.4517
0.4352
0.3970
0.4028
0.3986
0.4160
0.4294
0.4364
0.4144
0.4541
0.4404
0.4034
0.4050
0.4193
0.4245
0.4507
0.4886
0.4672
0.4327
0.3992
0.4010
0.3748
0.3571
0.3522
0.3488
0.3436
0.3574
0.3671
0.3897
0.3995
0.3918
0.4071
0.3967
0.3912
0.3949
0.3827
0.3671
0.3473
0.3729
0.4074
0.4025
0.4669
0.5069
0.5148
0.5237
0.5292
0.4657
0.4404
0.4428
0.4425
0.4349
0.4095
0.4153
0.3964
0.3796
0.4269
0.4446
0.3998
0.3815
0.4181
0.4501
0.4388
0.4202
0.4413
0.4581
0.4596
0.4520
0.4309
0.4037
0.3958
0.4129
0.4227
0.3796
0.3680
0.3741
0.3833
0.4358
0.5154
0.5356
0.4471
0.3845
0.3772
0.3546
0.4092
0.4410
0.4449
0.4721
0.4578
0.4419
0.4800
0.4974
0.4752
0.4254
0.3983
0.3470
0.3519
0.3775
0.4062
0.3745
0.3696
0.4062
0.4141
0.4251
0.4169
0.3708
0.3644
0.3589
0.3616
0.3552
0.3900
0.4648
0.4694
0.4950
0.4776
0.4547
0.3824
0.3769
0.3860
0.3955
0.4324
0.4480
0.4187
0.3998
0.4221
0.4657
0.5191
0.4678
0.3891
0.3976
0.4166
0.4276
0.4501
0.4230
0.3818
0.3735
0.3745
0.3683
0.3763
0.3888
0.4080
0.3702
0.3619
0.3885
0.4492
0.5075
0.4926
0.4614
0.4102
0.3891
0.3702
0.3674
0.3848
0.3836
0.3983
0.4156
0.4233
0.4257
0.3918
0.3775
0.3656
0.3561
0.3732
0.4153
0.4459
0.4269
0.4037
0.4016
0.4062
0.3833
0.3699
0.3918
0.4034
0.3793
0.3952
0.3857
0.4095
0.3943
0.3827
0.4160
0.4495
0.4529
0.4373
0.4047
0.4092
0.4187
0.3763
0.3873
0.4276
0.4718
0.4764
0.4947
0.5017
0.4156
0.3723
0.3616
0.3601
0.4266
0.4868
0.4687
0.4745
0.4431
0.4205
0.3952
0.3836
0.4303
0.4456
0.4224
0.4086
0.4419
0.4123
0.3534
0.3354
0.3668
0.3973
0.4272
0.4172
0.3864
0.3616
0.3369
0.3546
0.3763
0.3821
0.4019
0.4059
0.3873
0.3638
0.3485
0.3574
0.3860
0.3970
0.4080
0.4199
0.4764
0.4831
0.4630
0.4202
0.4129
0.4044
0.3796
0.3665
0.3650
0.3421
0.3644
0.3790
0.3775
0.3854
0.4166
0.4474
0.4663
0.4623
0.5023
0.5231
0.5121
0.4492
0.4636
0.5206
0.4987
0.4504
0.4495
0.4407
0.4175
0.3772
0.3702
0.3583
0.3275
0.3006
0.3421
0.3848
0.4453
0.4324
0.4382
0.4529
0.4248
0.4089
0.4425
0.4257
0.3888
0.3607
0.3540
0.3616
0.4202
0.5151
0.5338
0.4996
0.4935
0.5179
0.5325
0.4697
0.4163
0.4507
0.4462
0.4297
0.4077
0.3888
0.3702
0.3708
0.3647
0.3998
0.4736
0.4730
0.4550
0.4144
0.3918
0.4196
0.4132
0.3897
0.3973
0.4477
0.4608
0.4846
0.4675
0.4404
0.4614
