0.4123
0.4074
0.4230
0.4391
0.4266
0.4309
0.4059
0.4099
0.3830
0.4129
0.4724
0.5322
0.5136
0.4904
0.4752
0.4843
0.4697
0.4608
0.4617
0.4242
0.3894
0.4391
0.4193
0.4102
0.4150
0.3976
0.4346
0.4910
0.4874
0.4654
0.4858
0.5066
0.4788
0.4422
0.4163
0.3943
0.3741
0.4346
0.4532
0.4813
0.4355
0.4248
0.4376
0.4236
0.4318
0.4471
0.4333
0.4346
0.4608
0.4874
0.4520
0.4080
0.4495
0.4614
0.4623
0.4614
0.4361
0.4178
0.4324
0.4385
0.4684
0.4388
0.4169
0.4111
0.3775
0.3683
0.3845
0.4160
0.4745
0.4837
0.4706
0.4865
0.4645
0.4257
0.4355
0.4489
0.4514
0.4553
0.5115
0.4944
0.4639
0.4306
0.4184
0.3827
0.3622
0.3589
0.3613
0.3763
0.4431
0.4178
0.3989
0.4163
0.4337
0.4529
0.4355
0.4156
0.3891
0.3781
0.4092
0.4962
0.4538
0.4419
0.4181
0.3857
0.3961
0.4199
0.4242
0.3998
0.4120
0.4135
0.4071
0.4135
0.3854
0.4025
0.4431
0.4608
0.4794
0.4327
0.4102
0.4102
0.3705
0.4254
0.4837
0.4819
0.4575
0.4272
0.4346
0.3922
0.3659
0.3931
0.4358
0.4559
0.4443
0.4318
0.4623
0.4755
0.4828
0.5008
0.4645
0.4648
0.4498
0.4471
0.4770
0.4745
0.4785
0.4291
0.3943
0.4031
0.4819
0.5087
0.4868
0.5151
0.4868
0.4437
0.4181
0.4352
0.4520
0.4306
0.4520
0.4556
0.4523
0.4788
0.4605
0.4251
0.4013
0.4593
0.4907
0.5344
0.5615
0.4825
0.4611
0.4553
0.3955
0.3796
0.4190
0.4364
0.4941
0.5228
0.4788
0.4285
0.4123
0.4324
0.4419
0.4239
0.4477
0.4691
0.4547
0.4822
0.4889
0.4950
0.5066
0.5203
0.4977
0.5029
0.4617
0.4288
0.4306
0.4315
0.4004
0.3864
0.4062
0.4135
0.4694
0.4968
0.4745
0.4520
0.4739
0.4825
0.4474
0.4260
0.4330
0.4221
0.3842
0.4126
0.4797
0.5008
0.4581
0.4083
0.4599
0.4926
0.4626
0.4462
0.4309
0.4462
0.4565
0.4532
0.4687
0.4395
0.4431
0.4330
0.4092
0.4166
0.3842
0.4163
0.4535
0.4266
0.4477
0.4465
0.4352
0.4257
0.4379
0.4471
0.4596
0.4410
0.4147
0.4691
0.4910
0.5322
0.5045
0.4248
0.3970
0.4498
0.5109
0.5139
0.4233
0.4053
0.4343
0.4477
0.3937
0.4031
0.4257
0.4303
0.4199
0.3925
0.3760
0.3662
0.3973
0.4050
0.3943
0.3857
0.3925
0.3973
0.4105
0.4605
0.4715
0.4456
0.4361
0.4324
0.4459
0.4407
0.4135
0.3989
0.4233
0.4248
0.3943
0.4108
0.4202
0.4190
0.4196
0.4276
0.4581
0.4895
0.4971
0.4703
0.4614
0.4651
0.4465
0.4227
0.4422
0.4199
0.4279
0.4263
0.4245
0.4636
0.4681
0.4971
0.5075
0.5121
0.4681
0.4462
0.4398
0.4465
0.4221
0.3986
0.4355
0.4980
0.4980
0.4456
0.4108
0.4126
0.4236
0.4459
0.4446
0.5084
0.5566
0.5737
0.5780
0.5301
0.4849
0.4233
0.4022
0.3796
0.3940
0.4175
0.4352
0.4471
0.4773
0.4739
0.4849
0.4248
0.4459
0.5014
0.5130
0.4626
0.4831
0.4718
0.4718
0.4565
0.4382
0.4184
0.4291
0.4797
0.4736
0.4901
0.5420
0.5600
0.5338
0.5103
0.4980
0.5133
0.4623
0.4138
0.3629
0.3796
0.3912
0.4044
0.4501
0.4251
0.3989
0.3909
0.4398
0.4260
0.4025
0.4349
0.4401
0.4266
0.4089
0.4153
0.4010
0.4077
0.3922
0.4126
0.4449
0.4575
0.4742
0.4642
0.4626
0.4965
0.4895
0.4547
0.4639
0.4449
0.4422
0.4489
0.4968
0.4907
0.4544
0.4187
0.4346
0.4617
0.4251
0.4379
0.4663
0.4413
0.4700
0.4758
0.4654
0.4636
0.4309
0.3958
0.3931
0.3970
0.3931
0.3986
0.3931
0.4211
0.4913
0.5109
0.5161
0.5090
0.4819
0.4639
0.4544
0.4553
0.4114
0.3979
0.4044
0.4214
0.4535
0.4965
0.4919
0.5151
0.5518
0.5762
0.5301
0.4675
0.4446
0.4041
0.3723
0.3909
0.4095
0.4343
0.4303
0.4385
0.4620
0.5109
0.4990
0.4553
0.4221
0.4111
0.3891
0.4019
0.4294
0.4852
0.4977
0.4907
0.5099
0.5148
0.5518
0.5774
0.5197
0.4904
0.4535
0.4074
0.4041
0.4086
0.4077
0.4477
0.4352
0.3961
0.3625
0.3433
0.3772
0.4108
0.3864
0.3705
0.4095
0.4092
0.3867
0.3760
0.3989
0.4422
0.4810
0.4651
0.4208
0.4004
0.3882
0.4160
0.4819
0.4938
0.4916
0.4709
0.4630
0.4626
0.4465
0.4501
0.4593
0.4285
0.4462
0.4105
0.4129
0.4312
0.4282
0.4086
0.3900
0.3873
0.4071
0.4205
0.3894
0.3717
0.3674
0.3726
0.3754
0.3888
0.4056
0.3900
0.3943
0.4120
0.5029
0.5051
0.4672
0.4544
0.4468
0.4214
0.4333
0.4239
0.4327
0.4205
0.4205
0.4190
0.4315
0.4547
0.4578
0.4263
0.4449
0.4745
0.4404
0.4172
0.4102
0.4428
0.4279
0.4697
0.4678
0.4205
0.3903
0.4031
0.3824
0.4181
0.4456
0.4428
0.3976
0.4300
0.4907
0.4562
0.4892
0.5341
0.5011
0.4620
0.4425
0.4434
0.4431
0.4333
0.4471
0.4657
0.4578
0.4730
0.4776
0.4935
0.4965
0.4736
0.4529
0.4721
0.4590
0.4343
0.4022
0.4242
0.4083
0.4175
0.4611
0.4501
0.4398
0.4218
0.3888
0.3857
0.4150
0.4340
0.4352
0.4675
0.5484
0.5505
0.4691
0.3928
0.4230
0.4630
0.4797
0.4977
0.5423
0.5719
0.5014
0.4263
0.3821
0.4004
