0.4791
0.4678
0.4822
0.5118
0.4935
0.4849
0.4929
0.4849
0.5151
0.5356
0.5017
0.4691
0.4785
0.5093
0.4776
0.4532
0.4935
0.5200
0.5057
0.5023
0.5145
0.4834
0.4932
0.5450
0.5573
0.5127
0.4724
0.4654
0.4749
0.4916
0.4883
0.4980
0.5209
0.5096
0.4935
0.4800
0.4712
0.5087
0.5112
0.4941
0.4996
0.5093
0.5103
0.4880
0.4922
0.4984
0.4886
0.4727
0.4596
0.4617
0.5109
0.5637
0.5692
0.5295
0.5109
0.4834
0.4626
0.5228
0.5362
0.4974
0.5136
0.5133
0.5151
0.5151
0.5005
0.5054
0.4907
0.4974
0.4791
0.4837
0.4916
0.4984
0.5240
0.5444
0.5731
0.5884
0.5847
0.5667
0.5460
0.5060
0.4990
0.4852
0.5106
0.5493
0.5157
0.4861
0.4831
0.4626
0.4736
0.5127
0.5466
0.5582
0.5051
0.4617
0.4944
0.5185
0.5118
0.5093
0.5023
0.4590
0.4807
0.5148
0.4816
0.4657
0.4675
0.5093
0.5371
0.5206
0.5029
0.4581
0.4697
0.5283
0.5652
0.5728
0.5432
0.4791
0.4266
0.4553
0.4556
0.4730
0.5402
0.5753
0.5289
0.5194
0.5203
0.5096
0.5170
0.5328
0.5298
0.5112
0.5011
0.4825
0.4550
0.4144
0.4297
0.4962
0.5371
0.5371
0.5331
0.5557
0.5298
0.4858
0.4782
0.4596
0.4752
0.4919
0.5057
0.5392
0.5630
0.5225
0.5136
0.5191
0.5396
0.5182
0.4913
0.5008
0.4810
0.4834
0.4678
0.4764
0.5014
0.4901
0.4889
0.5191
0.5374
0.5194
0.4926
0.5133
0.4892
0.4739
0.4916
0.4797
0.5054
0.5075
0.4880
0.4974
0.5072
0.5362
0.5005
0.5136
0.4999
0.4724
0.4849
0.4776
0.4645
0.4919
0.5014
0.4669
0.4935
0.5115
0.5121
0.5280
0.5179
0.4752
0.4709
0.4749
0.5029
0.5093
0.4782
0.4733
0.4605
0.4449
0.4465
0.4428
0.4526
0.4987
0.4929
0.4926
0.4712
0.4947
0.4767
0.4620
0.4877
0.4703
0.4834
0.5106
0.4993
0.4843
0.4959
0.4825
0.5054
0.5133
0.5066
0.4990
0.4971
0.5222
0.5405
0.5066
0.4895
0.5029
0.4648
0.4868
0.5289
0.5243
0.5157
0.5316
0.5090
0.4599
0.4459
0.4736
0.4724
0.4648
0.4630
0.4489
0.4584
0.5002
0.5582
0.5624
0.5112
0.4623
0.4532
0.4315
0.4010
0.4446
0.5154
0.5432
0.5176
0.5011
0.5347
0.5475
0.5106
0.4877
0.5289
0.5542
0.5698
0.5399
0.5286
0.5225
0.5365
0.5756
0.5679
0.5365
0.5194
0.5460
0.5615
0.5362
0.4846
0.5066
0.5310
0.5420
0.5173
0.5295
0.5698
0.5594
0.5231
0.4855
0.4974
0.5219
0.5121
0.5002
0.5222
0.5151
0.5032
0.4889
0.4816
0.4831
0.5130
0.5096
0.4895
0.4965
0.5411
0.5499
0.5649
0.5240
0.5072
0.4764
0.4810
0.5042
0.5042
0.4898
0.5115
0.5502
0.5389
0.5521
0.5817
0.5789
0.5716
0.5252
0.5115
0.4645
0.4446
0.4694
0.4962
0.5423
0.5057
0.4373
0.4324
0.4913
0.5203
0.5322
0.5246
0.5402
0.5545
0.5457
0.5563
0.5365
0.4849
0.4990
0.4721
0.4459
0.4291
0.4483
0.4510
0.5087
0.5649
0.5771
0.5759
0.5643
0.5334
0.5060
0.5002
0.5389
0.5438
0.5698
0.5911
0.5283
0.5008
0.4910
0.5075
0.4883
0.4922
0.5185
0.5426
0.5331
0.5228
0.5023
0.4691
0.4480
0.4337
0.4425
0.4770
0.4736
0.4596
0.4510
0.4449
0.4578
0.4349
0.4272
0.4892
0.5264
0.4901
0.4697
0.4727
0.5032
0.5292
0.5273
0.5267
0.5469
0.5359
0.5115
0.4965
0.4712
0.4892
0.4822
0.4816
0.4807
0.4694
0.4782
0.5026
0.5215
0.5399
0.5087
0.4425
0.4922
0.5338
0.5109
0.4626
0.4413
0.4724
0.5164
0.5209
0.5231
0.4959
0.4865
0.4932
0.4837
0.4898
0.5176
0.5240
0.4968
0.5145
0.5447
0.5182
0.5035
0.4639
0.4501
0.4654
0.4669
0.4736
0.4926
0.4941
0.4846
0.4810
0.5240
0.5405
0.5246
0.4651
0.4681
0.4742
0.4285
0.4449
0.4691
0.4758
0.4733
0.4559
0.5237
0.5704
0.5511
0.5328
0.5237
0.4892
0.4776
0.4941
0.5054
0.4834
0.4663
0.4654
0.4514
0.4276
0.4315
0.4593
0.5176
0.4971
0.4907
0.5029
0.5087
0.4834
0.4874
0.5179
0.5350
0.5859
0.5978
0.5606
0.5234
0.5075
0.5029
0.5286
0.5219
0.5121
0.4568
0.4483
0.4752
0.5136
0.5338
0.5081
0.4950
0.4718
0.4968
0.5176
0.4944
0.4379
0.4529
0.5109
0.5267
0.5008
0.4987
0.4874
0.4800
0.4807
0.4617
0.4974
0.5075
0.4898
0.4758
0.4922
0.5090
0.5106
0.4987
0.4922
0.5106
0.5023
0.5145
0.4947
0.4919
0.5112
0.5484
0.5832
0.5527
0.5121
0.5066
0.5087
0.5121
0.5075
0.5338
0.4935
0.4868
0.5173
0.5139
0.5139
0.4971
0.5017
0.5099
0.5417
0.4990
0.4663
0.4495
0.4761
0.4886
0.5090
0.5209
0.5463
0.5646
0.5237
0.5054
0.5005
0.4932
0.5200
0.5356
0.5191
0.5133
0.4913
0.4709
0.5002
0.5267
0.5231
0.5237
0.5310
0.5087
0.5035
0.5396
0.5823
0.5612
0.5157
0.5017
0.4980
0.5075
0.5109
0.4886
0.4825
0.5066
0.5081
0.4788
0.4996
0.5148
0.5124
0.5276
0.4980
0.4651
0.4755
0.4980
0.5066
0.5194
0.5194
0.5069
0.5276
0.4846
0.4819
0.5008
0.4871
0.5112
0.5283
0.5112
0.4922
0.5014
0.5112
0.5087
0.4840
0.4959
0.5069
0.4687
0.4736
0.4742
