0.6198
0.6036
0.6116
0.6265
0.6250
0.6140
0.6168
0.6229
0.6287
0.6201
0.6137
0.6186
0.6256
0.6360
0.6335
0.6329
0.6274
0.6216
0.6195
0.6149
0.6168
0.6235
0.6372
0.6348
0.6290
0.6110
0.6183
0.6308
0.6302
0.6375
0.6503
0.6326
0.6171
0.6241
0.6189
0.6061
0.6247
0.6253
0.6018
0.6146
0.6171
0.6085
0.6085
0.6177
0.6281
0.6342
0.6308
0.6192
0.6195
0.6082
0.6155
0.6213
0.6357
0.6369
0.6387
0.6253
0.6107
0.6158
0.6305
0.6406
0.6488
0.6259
0.6213
0.6372
0.6418
0.6339
0.6116
0.6189
0.6335
0.6461
0.6445
0.6290
0.6360
0.6287
0.6085
0.6058
0.6219
0.6332
0.6375
0.6241
0.6296
0.6168
0.5988
0.5881
0.5954
0.5893
0.6027
0.6079
0.6244
0.6064
0.6015
0.6107
0.6161
0.6238
0.6253
0.6332
0.6476
0.6592
0.6482
0.6479
0.6387
0.6226
0.6213
0.6332
0.6287
0.6314
0.6299
0.6342
0.6226
0.6290
0.6274
0.6226
0.6177
0.6308
0.6207
0.6204
0.6299
0.6293
0.6247
0.6024
0.6174
0.6195
0.6290
0.6287
0.6018
0.6015
0.6168
0.6317
0.6387
0.6430
0.6497
0.6540
0.6335
0.6381
0.6400
0.6351
0.6396
0.6357
0.6256
0.6158
0.6082
0.6094
0.6192
0.6317
0.6238
0.6281
0.6265
0.6335
0.6366
0.6339
0.6253
0.6271
0.6140
0.6192
0.6177
0.6290
0.6403
0.6360
0.6302
0.6473
0.6281
0.6122
0.6204
0.6241
0.6149
0.6268
0.6305
0.6265
0.6384
0.6378
0.6299
0.6198
0.6049
0.6082
0.6219
0.6357
0.6372
0.6232
0.6161
0.6302
0.6290
0.6332
0.6268
0.6268
0.6204
0.6168
0.6268
0.6342
0.6204
0.6177
0.6229
0.6274
0.6195
0.6137
0.6137
0.6186
0.6216
0.6247
0.6055
0.6070
0.6165
0.6314
0.6277
0.6204
0.6268
0.6189
0.6219
0.6271
0.6335
0.6390
0.6357
0.6314
0.6339
0.6323
0.6146
0.6070
0.6201
0.6326
0.6308
0.6223
0.6140
0.6125
0.6140
0.6195
0.6027
0.6064
0.6046
0.6116
0.6189
0.6024
0.6161
0.6299
0.6335
0.6369
0.6403
0.6271
0.6232
0.6335
0.6378
0.6238
0.6125
0.6152
0.6168
0.6250
0.6256
0.6183
0.6149
0.6223
0.6070
0.6122
0.6250
0.6259
0.6244
0.6274
0.6195
0.6140
0.6354
0.6467
0.6448
0.6342
0.6308
0.6201
0.6113
0.6192
0.6213
0.6326
0.6317
0.6467
0.6293
0.6274
0.6244
0.6268
0.6372
0.6281
0.6311
0.6445
0.6445
0.6192
0.6207
0.6149
0.6128
0.6226
0.6412
0.6467
0.6418
0.6195
0.6097
0.6198
0.6253
0.6284
0.6180
0.6165
0.6155
0.6259
0.6311
0.6171
0.6299
0.6335
0.6076
0.6091
0.6149
0.6305
0.6299
0.6393
0.6323
0.6186
0.6308
0.6351
0.6348
0.6354
0.6219
0.6183
0.5908
0.5789
0.6128
0.6412
0.6357
0.6473
0.6436
0.6421
0.6393
0.6332
0.6296
0.6427
0.6509
0.6503
0.6458
0.6348
0.6339
0.6122
0.6110
0.6213
0.6104
0.6149
0.6256
0.6305
0.6259
0.6177
0.6140
0.6284
0.6302
0.6293
0.6351
0.6409
0.6409
0.6354
0.6265
0.6253
0.6354
0.6375
0.6174
0.6210
0.6348
0.6424
0.6348
0.6287
0.6229
0.6424
0.6421
0.6451
0.6339
0.6436
0.6589
0.6500
0.6174
0.6006
0.6201
0.6439
0.6409
0.6424
0.6500
0.6308
0.6213
0.6299
0.6213
0.6308
0.6393
0.6464
0.6381
0.6393
0.6494
0.6427
0.6390
0.6281
0.6332
0.6332
0.6277
0.6360
0.6198
0.6253
0.6155
0.6183
0.6305
0.6308
0.6036
0.6070
0.6070
0.6128
0.6308
0.6378
0.6366
0.6384
0.6189
0.6299
0.6464
0.6329
0.6375
0.6265
0.6339
0.6204
0.6204
0.6186
0.6180
0.6250
0.6268
0.6253
0.6198
0.6244
0.6390
0.6317
0.6342
0.6409
0.6424
0.6482
0.6409
0.6308
0.6290
0.6366
0.6412
0.6296
0.6244
0.6409
0.6296
0.6250
0.6137
0.6155
0.6207
0.6268
0.6329
0.6299
0.6223
0.6204
0.6281
0.6226
0.6247
0.6277
0.6308
0.6366
0.6396
0.6293
0.6299
0.6308
0.6320
0.6308
0.6412
0.6427
0.6335
0.6314
0.6326
0.6284
0.6232
0.6323
0.6335
0.6271
0.6293
0.6152
0.6238
0.6311
0.6381
0.6406
0.6363
0.6424
0.6406
0.6381
0.6281
0.6302
0.6311
0.6100
0.6122
0.6241
0.6357
0.6387
0.6308
0.6262
0.6146
0.6195
0.6308
0.6445
0.6573
0.6314
0.6259
0.6268
0.6155
0.6265
0.6302
0.6204
0.6268
0.6268
0.6317
0.6207
0.6229
0.6262
0.6268
0.6247
0.6296
0.6360
0.6409
0.6339
0.6348
0.6314
0.6293
0.6335
0.6305
0.6195
0.6146
0.6219
0.6216
0.6290
0.6238
0.6378
0.6439
0.6253
0.6265
0.6339
0.6271
0.5984
0.5975
0.6174
0.6097
0.6128
0.6219
0.6326
0.6250
0.6259
0.6290
0.6201
0.6271
0.6299
0.6171
0.6061
0.6143
0.6268
0.6348
0.6454
0.6473
0.6323
0.6238
0.6235
0.6189
0.6250
0.6461
0.6451
0.6277
0.6207
0.6180
0.6183
0.6277
0.6290
0.6302
0.6250
0.6107
0.6079
0.6177
0.6232
0.6268
0.6201
0.6259
0.6259
0.6412
0.6311
0.6125
0.6100
0.6195
0.6314
0.6296
0.6158
0.6238
0.6335
0.6329
0.6375
0.6403
0.6329
0.6427
0.6522
0.6326
0.6192
0.6186
0.6253
0.6281
0.6357
0.6177
0.6143
0.6104
0.6140
0.6165
0.6314
0.6357
0.6271
0.6284
0.6342
0.6296
0.6400
