0.3860
0.3796
0.3735
0.3955
0.3796
0.3720
0.3842
0.4309
0.4401
0.4529
0.4959
0.4578
0.4764
0.4855
0.4532
0.4160
0.3958
0.3799
0.3525
0.3537
0.3964
0.4095
0.3931
0.4089
0.3879
0.3455
0.3680
0.3857
0.4041
0.4184
0.4315
0.4102
0.3821
0.3830
0.3912
0.3799
0.3885
0.3873
0.3659
0.3473
0.3882
0.4199
0.3958
0.3732
0.3702
0.4239
0.4379
0.4001
0.3842
0.4153
0.3918
0.4089
0.4044
0.4214
0.4053
0.4007
0.3867
0.3754
0.3851
0.3912
0.3674
0.3522
0.3424
0.3699
0.4175
0.4321
0.4016
0.4233
0.3931
0.3415
0.3281
0.3937
0.4272
0.4276
0.4462
0.4248
0.3992
0.3897
0.3925
0.3708
0.3769
0.4102
0.5005
0.4947
0.4535
0.4297
0.4297
0.3769
0.3671
0.3528
0.3488
0.3415
0.3793
0.4211
0.4504
0.4678
0.4434
0.4343
0.4297
0.4214
0.4053
0.3796
0.3506
0.3732
0.4529
0.5167
0.4697
0.4691
0.4633
0.4013
0.3647
0.3644
0.3720
0.3903
0.3720
0.3793
0.3943
0.4117
0.4434
0.4642
0.4300
0.4056
0.4349
0.4211
0.3961
0.4410
0.5035
0.5002
0.4617
0.4980
0.4889
0.4810
0.4498
0.4642
0.4257
0.4068
0.3793
0.3635
0.3732
0.3650
0.3625
0.3717
0.4376
0.4535
0.3989
0.3598
0.3683
0.3638
0.3693
0.3760
0.3442
0.4257
0.4623
0.4227
0.4321
0.4538
0.4898
0.4465
0.4150
0.4245
0.4669
0.4822
0.4730
0.4266
0.4037
0.3827
0.3998
0.4135
0.4312
0.4544
0.4282
0.4166
0.4471
0.4190
0.3799
0.3946
0.4456
0.4337
0.4477
0.4538
0.4681
0.4282
0.3983
0.3641
0.3812
0.3693
0.3848
0.3922
0.4120
0.3799
0.3787
0.4181
0.4382
0.4834
0.5026
0.4657
0.4086
0.3250
0.3186
0.3680
0.4514
0.5063
0.4846
0.4614
0.4410
0.4318
0.4031
0.4175
0.4221
0.4294
0.4184
0.4178
0.3720
0.3409
0.3619
0.3662
0.3714
0.3503
0.3409
0.3357
0.3531
0.3824
0.3793
0.3833
0.3851
0.3909
0.3720
0.3622
0.3476
0.3278
0.3433
0.3555
0.3839
0.3659
0.3467
0.3482
0.3320
0.3360
0.3430
0.3506
0.3818
0.4056
0.4111
0.4318
0.4504
0.4657
0.3876
0.3540
0.3531
0.3558
0.3683
0.4279
0.4816
0.5170
0.4700
0.4208
0.4111
0.3760
0.3387
0.3625
0.4184
0.4230
0.4794
0.4443
0.4050
0.3687
0.3433
0.3812
0.4089
0.4108
0.3860
0.4056
0.3741
0.3290
0.3580
0.3802
0.3979
0.3983
0.3989
0.4483
0.4337
0.3839
0.3598
0.3558
0.3421
0.3375
0.3348
0.3983
0.4742
0.4620
0.4633
0.4086
0.3732
0.3629
0.3354
0.3461
0.3738
0.4398
0.4370
0.4126
0.4074
0.3812
0.3870
0.3955
0.3821
0.3995
0.4132
0.3879
0.3479
0.3467
0.3336
0.3485
0.3372
0.3796
0.3802
0.3842
0.3973
0.4285
0.4227
0.3714
0.3476
0.4019
0.4831
0.4440
0.3918
0.3595
0.3436
0.3937
0.4321
0.4071
0.3943
0.3857
0.3989
0.4062
0.4468
0.4959
0.4654
0.4178
0.4126
0.4492
0.4239
0.4312
0.4703
0.4593
0.4080
0.3735
0.3339
0.3503
0.4013
0.3891
0.3790
0.4526
0.4373
0.4126
0.3925
0.3970
0.3946
0.4102
0.4300
0.4102
0.4025
0.3918
0.4251
0.4626
0.4221
0.3653
0.3314
0.3516
0.4013
0.4694
0.5350
0.5240
0.4126
0.3973
0.4071
0.4404
0.4282
0.3848
0.3568
0.3906
0.4517
0.4596
0.4370
0.4581
0.4178
0.3851
0.3821
0.3427
0.3088
0.3305
0.3284
0.3259
0.3348
0.3314
0.3455
0.3870
0.4398
0.4031
0.3909
0.3775
0.3589
0.3284
0.3232
0.3262
0.3683
0.4205
0.5164
0.4782
0.4327
0.4437
0.4565
0.4102
0.3870
0.3653
0.3638
0.3522
0.3436
0.3247
0.3128
0.3760
0.4541
0.4868
0.4498
0.4266
0.4135
0.4370
0.4108
0.3412
0.3732
0.4324
0.4349
0.4266
0.3967
0.3781
0.3653
0.3650
0.3616
0.3528
0.3479
0.3387
0.3653
0.4022
0.4559
0.4224
0.4095
0.3955
0.3662
0.3528
0.3986
0.4230
0.4523
0.4462
0.4062
0.3867
0.3571
0.3400
0.3351
0.3156
0.3345
0.3284
0.3796
0.4037
0.3964
0.3659
0.3815
0.4089
0.4312
0.4727
0.4517
0.4437
0.4114
0.3760
0.3677
0.4184
0.4269
0.3644
0.4068
0.4910
0.4810
0.4794
0.4218
0.4044
0.4105
0.4053
0.3827
0.3922
0.4089
0.3958
0.4010
0.4047
0.3885
0.3247
0.3568
0.4623
0.5124
0.4517
0.3989
0.3671
0.3607
0.3378
0.3601
0.3613
0.3589
0.3882
0.3705
0.3714
0.3589
0.3583
0.3519
0.3378
0.3592
0.3650
0.3552
0.3729
0.3500
0.3543
0.3870
0.4242
0.4489
0.4446
0.4376
0.4611
0.4724
0.4068
0.3540
0.3262
0.3204
0.3696
0.3687
0.3391
0.3253
0.3287
0.3516
0.3790
0.3748
0.3989
0.4388
0.4071
0.3668
0.4053
0.4306
0.4199
0.4160
0.3723
0.3522
0.3400
0.3397
0.3610
0.3644
0.3806
0.4010
0.3833
0.4041
0.4474
0.3958
0.3787
0.3922
0.4153
0.4199
0.4001
0.3928
0.4160
0.4291
0.4251
0.4248
0.4205
0.3946
0.3882
0.3934
0.4681
0.4846
0.4456
0.3964
0.3644
0.3448
0.3598
0.3766
0.4117
0.3894
0.3763
0.3580
0.4001
0.4480
0.4910
0.4840
0.4797
0.4834
0.4361
0.4031
0.3775
0.3516
0.3571
0.3494
0.3442
0.3452
0.3708
0.3860
0.3662
0.3671
0.4132
0.4315
0.4211
