1.3702
1.3718
1.3721
1.3730
1.3736
1.3745
1.3754
1.3776
1.3782
1.3779
1.3791
1.3803
1.3797
1.3806
1.3803
1.3812
1.3806
1.3791
1.3785
1.3785
1.3800
1.3803
1.3800
1.3788
1.3779
1.3800
1.3794
1.3782
1.3776
1.3757
1.3867
1.3757
1.3776
1.3776
1.3776
1.3788
1.3791
1.3785
1.3794
1.3757
1.3821
1.3831
1.3837
1.3818
1.3815
1.3812
1.3815
1.3812
1.3828
1.3812
1.3797
1.3812
1.3806
1.3788
1.3794
1.3788
1.3770
1.3763
1.3763
1.3757
1.3766
1.3763
1.3766
1.3782
1.3785
1.3760
1.3757
1.3742
1.3736
1.3739
1.3736
1.3736
1.3751
1.3754
1.3757
1.3751
1.3763
1.3776
1.3797
1.3806
1.3818
1.3821
1.3821
1.3818
1.3824
1.3831
1.3812
1.3818
1.3809
1.3803
1.3791
1.3770
1.3766
1.3766
1.3766
1.3760
1.3773
1.3779
1.3770
1.3766
1.3763
1.3748
1.3757
1.3736
1.3733
1.3748
1.3742
1.3736
1.3736
1.3730
1.3763
1.3757
1.3760
1.3757
1.3770
1.3766
1.3763
1.3766
1.3766
1.3770
1.3776
1.3770
1.3779
1.3779
1.3782
1.3785
1.3806
1.3806
1.3806
1.3812
1.3818
1.3837
1.3846
1.3843
1.3837
1.3828
1.3803
1.3776
1.3782
1.3773
1.3770
1.3760
1.3748
1.3745
1.3754
1.3766
1.3763
1.3770
1.3763
1.3776
1.3806
1.3797
1.3806
1.3818
1.3812
1.3800
1.3806
1.3803
1.3785
1.3776
1.3757
1.3763
1.3776
1.3785
1.3785
1.3809
1.3809
1.3782
1.3776
1.3791
1.3776
1.3791
1.3788
1.3779
1.3779
1.3776
1.3782
1.3763
1.3782
1.3788
1.3785
1.3785
1.3797
1.3809
1.3797
1.3794
1.3782
1.3770
1.3763
1.3748
1.3751
1.3730
1.3733
1.3733
1.3736
1.3754
1.3766
1.3754
1.3760
1.3773
1.3763
1.3779
1.3794
1.3782
1.3779
1.3782
1.3785
1.3806
1.3809
1.3803
1.3797
1.3791
1.3794
1.3763
1.3757
1.3754
1.3773
1.3782
1.3770
1.3733
1.3730
1.3727
1.3730
1.3718
1.3708
1.3712
1.3702
1.3708
1.3727
1.3724
1.3733
1.3757
1.3766
1.3754
1.3770
1.3760
1.3760
1.3776
1.3770
1.3785
1.3785
1.3776
1.3779
1.3773
1.3770
1.3779
1.3791
1.3788
1.3788
1.3806
1.3812
1.3815
1.3818
1.3812
1.3812
1.3809
1.3803
1.3788
1.3785
1.3794
1.3785
1.3785
1.3788
1.3788
1.3776
1.3776
1.3760
1.3760
1.3763
1.3763
1.3785
1.3803
1.3800
1.3812
1.3800
1.3800
1.3809
1.3797
1.3797
1.3773
1.3770
1.3776
1.3785
1.3785
1.3803
1.3812
1.3797
1.3818
1.3815
1.3818
1.3828
1.3831
1.3821
1.3809
1.3818
1.3806
1.3821
1.3806
1.3806
1.3806
1.3824
1.3818
1.3809
1.3809
1.3800
1.3797
1.3785
1.3760
1.3736
1.3733
1.3721
1.3721
1.3724
1.3718
1.3733
1.3727
1.3733
1.3748
1.3727
1.3712
1.3715
1.3708
1.3699
1.3727
1.3733
1.3748
1.3745
1.3736
1.3733
1.3730
1.3730
1.3751
1.3770
1.3785
1.3800
1.3785
1.3785
1.3782
1.3770
1.3770
1.3776
1.3773
1.3785
1.3785
1.3797
1.3788
1.3791
1.3782
1.3791
1.3782
1.3773
1.3773
1.3776
1.3766
1.3760
1.3757
1.3788
1.3794
1.3800
1.3803
1.3794
1.3773
1.3763
1.3776
1.3785
1.3800
1.3821
1.3797
1.3797
1.3794
1.3785
1.3776
1.3779
1.3760
1.3770
1.3791
1.3782
1.3785
1.3803
1.3803
1.3794
1.3782
1.3791
1.3782
1.3797
1.3791
1.3776
1.3770
1.3763
1.3763
1.3770
1.3760
1.3763
1.3773
1.3770
1.3763
1.3757
1.3748
1.3754
1.3779
1.3770
1.3791
1.3806
1.3800
1.3882
1.3824
1.3834
1.3840
1.3843
1.3837
1.3852
1.3846
1.3837
1.3828
1.3824
1.3806
1.3809
1.3791
1.3782
1.3785
1.3770
1.3782
1.3770
1.3770
1.3770
1.3773
1.3766
1.3782
1.3763
1.3754
1.3748
1.3757
1.3763
1.3763
1.3760
1.3776
1.3776
1.3782
1.3800
1.3821
1.3843
1.3855
1.3849
1.3858
1.3858
1.3837
1.3828
1.3815
1.3800
1.3815
1.3812
1.3809
1.3812
1.3800
1.3794
1.3785
1.3776
1.3757
1.3773
1.3770
1.3776
1.3776
1.3763
1.3754
1.3745
1.3751
1.3727
1.3739
1.3736
1.3727
1.3730
1.3733
1.3721
1.3724
1.3718
1.3708
1.3715
1.3715
1.3718
1.3739
1.3733
1.3727
1.3724
1.3721
1.3678
1.3739
1.3751
1.3748
1.3739
1.3751
1.3751
1.3751
1.3748
1.3763
1.3766
1.3754
1.3763
1.3763
1.3763
1.3757
1.3770
1.3785
1.3782
1.3797
1.3800
1.3803
1.3803
1.3809
1.3812
1.3806
1.3794
1.3788
1.3794
1.3806
1.3809
1.3812
1.3821
1.3800
1.3812
1.3809
1.3794
1.3794
1.3782
1.3779
1.3782
1.3791
1.3776
1.3773
1.3770
1.3770
1.3779
1.3773
1.3791
1.3794
1.3797
1.3785
1.3779
1.3763
1.3773
1.3770
1.3779
1.3773
1.3739
1.3757
1.3754
1.3754
1.3754
1.3745
1.3742
1.3736
1.3748
1.3748
1.3745
1.3748
1.3760
1.3754
1.3770
1.3779
1.3779
1.3791
1.3809
1.3803
1.3794
1.3797
1.3785
1.3791
1.3794
1.3782
1.3791
1.3803
1.3785
1.3776
1.3782
1.3782
1.3751
1.3742
1.3739
1.3748
1.3763
1.3757
1.3754
1.3748
1.3724
1.3715
1.3730
1.3742
1.3754
1.3766
1.3760
1.3760
1.3776
1.3776
1.3785
1.3788
1.3782
1.3806
1.3806
1.3788
1.3785
1.3794
1.3797
1.3794
