0.6439
0.6476
0.6464
0.6461
0.6427
0.6476
0.6543
0.6564
0.6497
0.6516
0.6485
0.6451
0.6516
0.6512
0.6512
0.6497
0.6522
0.6476
0.6494
0.6564
0.6522
0.6464
0.6467
0.6458
0.6516
0.6497
0.6415
0.6384
0.6485
0.6509
0.6552
0.6558
0.6564
0.6549
0.6387
0.6396
0.6454
0.6454
0.6427
0.6384
0.6482
0.6519
0.6433
0.6445
0.6516
0.6476
0.6409
0.6461
0.6412
0.6479
0.6500
0.6479
0.6506
0.6403
0.6421
0.6418
0.6470
0.6473
0.6531
0.6564
0.6573
0.6467
0.6396
0.6458
0.6522
0.6570
0.6564
0.6516
0.6454
0.6448
0.6375
0.6409
0.6473
0.6516
0.6598
0.6625
0.6586
0.6540
0.6531
0.6509
0.6473
0.6531
0.6537
0.6372
0.6424
0.6473
0.6494
0.6522
0.6592
0.6586
0.6464
0.6445
0.6522
0.6528
0.6494
0.6497
0.6537
0.6555
0.6525
0.6537
0.6549
0.6522
0.6549
0.6543
0.6351
0.6400
0.6479
0.6519
0.6543
0.6543
0.6531
0.6497
0.6494
0.6458
0.6458
0.6488
0.6494
0.6516
0.6561
0.6561
0.6519
0.6451
0.6381
0.6415
0.6494
0.6516
0.6522
0.6467
0.6497
0.6494
0.6454
0.6326
0.6284
0.6378
0.6485
0.6421
0.6445
0.6497
0.6525
0.6393
0.6406
0.6464
0.6506
0.6543
0.6537
0.6534
0.6549
0.6497
0.6454
0.6451
0.6512
0.6458
0.6512
0.6522
0.6546
0.6439
0.6427
0.6479
0.6485
0.6406
0.6494
0.6479
0.6497
0.6519
0.6580
0.6439
0.6470
0.6491
0.6503
0.6540
0.6558
0.6598
0.6500
0.6467
0.6512
0.6500
0.6570
0.6561
0.6454
0.6473
0.6439
0.6525
0.6482
0.6454
0.6543
0.6592
0.6631
0.6650
0.6580
0.6543
0.6543
0.6586
0.6567
0.6494
0.6476
0.6482
0.6461
0.6519
0.6522
0.6375
0.6406
0.6461
0.6442
0.6436
0.6503
0.6528
0.6479
0.6531
0.6567
0.6592
0.6503
0.6470
0.6522
0.6607
0.6622
0.6628
0.6610
0.6573
0.6531
0.6525
0.6271
0.6146
0.6192
0.6369
0.6454
0.6418
0.6577
0.6604
0.6625
0.6656
0.6671
0.6564
0.6555
0.6595
0.6445
0.6363
0.6430
0.6534
0.6567
0.6607
0.6592
0.6635
0.6595
0.6543
0.6567
0.6555
0.6503
0.6415
0.6390
0.6445
0.6488
0.6506
0.6555
0.6531
0.6512
0.6519
0.6497
0.6461
0.6430
0.6442
0.6479
0.6482
0.6415
0.6439
0.6519
0.6534
0.6525
0.6537
0.6430
0.6467
0.6549
0.6531
0.6424
0.6485
0.6494
0.6427
0.6525
0.6564
0.6451
0.6372
0.6506
0.6558
0.6573
0.6567
0.6528
0.6299
0.6296
0.6381
0.6461
0.6473
0.6354
0.6332
0.6445
0.6534
0.6540
0.6454
0.6339
0.6366
0.6470
0.6564
0.6476
0.6461
0.6506
0.6564
0.6543
0.6543
0.6573
0.6558
0.6589
0.6567
0.6525
0.6494
0.6442
0.6378
0.6470
0.6430
0.6412
0.6384
0.6403
0.6421
0.6400
0.6461
0.6512
0.6555
0.6561
0.6485
0.6433
0.6424
0.6491
0.6534
0.6534
0.6516
0.6485
0.6500
0.6433
0.6454
0.6494
0.6497
0.6424
0.6464
0.6479
0.6500
0.6445
0.6424
0.6485
0.6540
0.6531
0.6546
0.6509
0.6516
0.6567
0.6564
0.6531
0.6549
0.6555
0.6534
0.6528
0.6488
0.6500
0.6488
0.6430
0.6497
0.6503
0.6503
0.6476
0.6458
0.6485
0.6525
0.6509
0.6454
0.6387
0.6421
0.6509
0.6454
0.6445
0.6509
0.6525
0.6543
0.6580
0.6525
0.6531
0.6497
0.6393
0.6433
0.6488
0.6537
0.6503
0.6506
0.6522
0.6528
0.6485
0.6534
0.6580
0.6509
0.6415
0.6357
0.6329
0.6424
0.6476
0.6448
0.6494
0.6531
0.6577
0.6595
0.6583
0.6570
0.6561
0.6500
0.6497
0.6497
0.6519
0.6573
0.6595
0.6570
0.6531
0.6558
0.6558
0.6555
0.6583
0.6512
0.6558
0.6573
0.6519
0.6451
0.6497
0.6412
0.6409
0.6467
0.6509
0.6567
0.6619
0.6543
0.6479
0.6412
0.6366
0.6339
0.6412
0.6470
0.6509
0.6506
0.6564
0.6622
0.6616
0.6467
0.6290
0.6308
0.6424
0.6488
0.6567
0.6561
0.6537
0.6552
0.6543
0.6497
0.6552
0.6531
0.6409
0.6430
0.6509
0.6580
0.6601
0.6589
0.6519
0.6564
0.6555
0.6464
0.6503
0.6448
0.6442
0.6390
0.6512
0.6561
0.6598
0.6619
0.6564
0.6567
0.6570
0.6540
0.6531
0.6531
0.6583
0.6631
0.6583
0.6616
0.6564
0.6567
0.6543
0.6546
0.6567
0.6595
0.6625
0.6653
0.6598
0.6537
0.6555
0.6476
0.6573
0.6537
0.6424
0.6497
0.6546
0.6516
0.6540
0.6470
0.6424
0.6497
0.6570
0.6509
0.6497
0.6558
0.6537
0.6467
0.6516
0.6583
0.6589
0.6509
0.6531
0.6549
0.6473
0.6531
0.6543
0.6479
0.6534
0.6525
0.6595
0.6595
0.6552
0.6552
0.6552
0.6543
0.6497
0.6522
0.6473
0.6461
0.6467
0.6470
0.6473
0.6451
0.6445
0.6470
0.6494
0.6528
0.6467
0.6424
0.6403
0.6442
0.6485
0.6509
0.6427
0.6400
0.6436
0.6479
0.6461
0.6461
0.6516
0.6552
0.6586
0.6482
0.6497
0.6561
0.6558
0.6519
0.6436
0.6329
0.6268
0.6335
0.6451
0.6497
0.6494
0.6528
0.6567
0.6549
0.6522
0.6384
0.6226
0.6381
0.6403
0.6488
0.6500
0.6476
0.6396
0.6470
0.6586
0.6522
0.6500
0.6503
0.6497
0.6461
0.6558
0.6375
0.6451
0.6500
0.6317
0.6348
0.6482
0.6503
0.6546
0.6573
0.6549
0.6509
0.6555
0.6467
