0.4514
0.4550
0.4221
0.3714
0.3629
0.4108
0.4730
0.5020
0.4590
0.4474
0.4468
0.4504
0.4456
0.4315
0.4434
0.4648
0.4257
0.4132
0.4297
0.4337
0.4486
0.4190
0.3857
0.3369
0.3326
0.3647
0.3723
0.3796
0.4004
0.3967
0.4111
0.4190
0.4437
0.4385
0.4355
0.4544
0.4248
0.3949
0.3555
0.3253
0.3439
0.3720
0.3638
0.3644
0.3534
0.3842
0.4062
0.4669
0.5136
0.4388
0.3897
0.3680
0.3928
0.3833
0.4272
0.4507
0.4279
0.4242
0.4355
0.4608
0.4129
0.4456
0.4477
0.4169
0.4181
0.3918
0.3964
0.3961
0.4401
0.4672
0.4333
0.4407
0.3940
0.3702
0.3671
0.3430
0.3314
0.3299
0.3452
0.4099
0.3973
0.3693
0.3925
0.4135
0.4523
0.4630
0.5081
0.5234
0.5350
0.4996
0.4376
0.3854
0.3510
0.3500
0.3604
0.3903
0.4025
0.3912
0.4004
0.4123
0.4276
0.4401
0.4544
0.4831
0.4590
0.3940
0.3745
0.3940
0.3732
0.3546
0.3812
0.3976
0.3738
0.4263
0.4724
0.4465
0.4184
0.4102
0.3729
0.3546
0.3458
0.3625
0.3787
0.3952
0.3885
0.4132
0.4388
0.4501
0.5048
0.5133
0.5194
0.4639
0.4507
0.4678
0.4590
0.4413
0.4214
0.3940
0.3793
0.3821
0.3949
0.4010
0.4523
0.5032
0.4865
0.4449
0.4083
0.4248
0.4224
0.4327
0.4202
0.3995
0.3909
0.4135
0.3918
0.3754
0.3946
0.3970
0.3748
0.3766
0.3564
0.3711
0.4092
0.4053
0.4068
0.4361
0.4303
0.4395
0.4150
0.4160
0.4208
0.3922
0.4227
0.4810
0.4950
0.4752
0.4865
0.4687
0.5099
0.5560
0.4910
0.4825
0.4678
0.4266
0.4169
0.4074
0.4333
0.4102
0.4150
0.4498
0.4813
0.4630
0.4453
0.4315
0.4126
0.3488
0.3464
0.3867
0.4074
0.3900
0.3937
0.3848
0.3870
0.3769
0.3857
0.4749
0.5194
0.4807
0.4343
0.4169
0.4004
0.4129
0.4361
0.4077
0.4031
0.3745
0.3583
0.3754
0.3839
0.3946
0.4068
0.4276
0.4443
0.4449
0.4483
0.4291
0.4245
0.4608
0.4251
0.3787
0.3571
0.4102
0.4044
0.3970
0.3799
0.3961
0.4120
0.3946
0.3976
0.3833
0.3622
0.3485
0.3738
0.3873
0.4083
0.4092
0.3851
0.3647
0.3708
0.3357
0.3424
0.3748
0.3735
0.3745
0.3580
0.3525
0.3494
0.3674
0.3995
0.4126
0.3986
0.3671
0.4065
0.4556
0.4626
0.4794
0.4388
0.4306
0.3973
0.3958
0.4074
0.4599
0.4922
0.4367
0.3702
0.3934
0.4642
0.4855
0.4648
0.4507
0.4004
0.4166
0.4507
0.4614
0.4437
0.4443
0.4346
0.3961
0.3574
0.3949
0.4568
0.4910
0.5045
0.5103
0.4965
0.4837
0.4584
0.4541
0.4559
0.4303
0.4190
0.3983
0.4144
0.4395
0.4190
0.4239
0.4584
0.4300
0.3857
0.3662
0.4086
0.4877
0.5069
0.4559
0.3952
0.4004
0.4044
0.3790
0.3879
0.3790
0.4123
0.4507
0.4288
0.3964
0.3824
0.4001
0.4034
0.4211
0.4825
0.5243
0.4651
0.4343
0.4181
0.4022
0.4199
0.4196
0.3860
0.3531
0.3714
0.4266
0.4620
0.4654
0.4346
0.4141
0.3671
0.3375
0.4141
0.4477
0.4193
0.3925
0.3931
0.4111
0.4019
0.3821
0.3784
0.3885
0.4272
0.4416
0.4312
0.3812
0.3745
0.3894
0.4004
0.3870
0.3781
0.4050
0.4114
0.4184
0.4504
0.4510
0.3937
0.3958
0.4385
0.4440
0.4053
0.3702
0.3998
0.4581
0.5215
0.5087
0.4645
0.4474
0.4404
0.3995
0.4099
0.4605
0.5121
0.4999
0.4941
0.4712
0.5096
0.4892
0.4224
0.3842
0.3607
0.4047
0.4434
0.4129
0.3632
0.3867
0.4016
0.3979
0.4092
0.4248
0.4288
0.4221
0.4095
0.3943
0.3662
0.3540
0.3714
0.3860
0.4312
0.4080
0.4053
0.4041
0.3894
0.4013
0.4126
0.3873
0.3760
0.4016
0.4080
0.4294
0.4214
0.4419
0.4288
0.4312
0.4382
0.4620
0.4504
0.4822
0.4687
0.4486
0.3973
0.3723
0.4007
0.4221
0.3983
0.3848
0.4031
0.3748
0.3952
0.4727
0.4865
0.4260
0.3708
0.3690
0.4300
0.4431
0.4147
0.4117
0.4053
0.3854
0.3870
0.4233
0.5087
0.5411
0.5002
0.4404
0.3873
0.3769
0.3918
0.3720
0.3687
0.3851
0.4129
0.4626
0.4755
0.4495
0.4236
0.4193
0.4276
0.4196
0.4028
0.3824
0.4141
0.4337
0.4120
0.3915
0.4480
0.4779
0.4926
0.4596
0.4141
0.3955
0.3864
0.4059
0.4547
0.3983
0.3699
0.3754
0.3790
0.4639
0.4767
0.4309
0.4050
0.3775
0.3857
0.4620
0.4370
0.3745
0.4309
0.4596
0.4095
0.3839
0.4187
0.4187
0.3979
0.4010
0.3842
0.3735
0.3464
0.3473
0.3455
0.3851
0.4559
0.4794
0.5011
0.5255
0.4776
0.4568
0.4538
0.4034
0.3793
0.3918
0.3952
0.4001
0.4135
0.3851
0.3723
0.3961
0.4239
0.4834
0.5255
0.5008
0.4321
0.4089
0.4248
0.4071
0.3833
0.3940
0.3912
0.3931
0.3864
0.4053
0.4224
0.3983
0.3879
0.4358
0.4544
0.5154
0.4385
0.3860
0.3732
0.4517
0.4263
0.3867
0.3601
0.3558
0.3986
0.4504
0.4898
0.4987
0.4361
0.3854
0.3815
0.3699
0.3516
0.3430
0.4016
0.4105
0.4037
0.4086
0.3915
0.3818
0.3934
0.4257
0.4276
0.4266
0.4208
0.4291
0.4572
0.4526
0.4169
0.3873
0.3851
0.4327
0.4697
0.4718
0.4611
0.4175
0.3995
0.3836
0.3735
0.3513
0.3705
0.4041
0.4169
0.3973
0.3745
0.4584
