0.5859
0.5869
0.6021
0.5890
0.5890
0.5795
0.5518
0.5219
0.5164
0.5585
0.5881
0.6012
0.6055
0.5789
0.5582
0.5380
0.5505
0.5539
0.5789
0.5542
0.5130
0.5493
0.5475
0.5423
0.5280
0.5780
0.5939
0.5719
0.5505
0.5301
0.5237
0.5386
0.5383
0.5350
0.5313
0.5371
0.5640
0.5856
0.5997
0.5911
0.5563
0.5511
0.5557
0.5389
0.5457
0.5392
0.5112
0.5225
0.5319
0.5069
0.5084
0.5032
0.5173
0.5634
0.5484
0.5121
0.5338
0.5283
0.5618
0.5917
0.6018
0.6226
0.6366
0.6055
0.5734
0.5594
0.5722
0.5927
0.5762
0.5746
0.5466
0.5377
0.5612
0.5548
0.5508
0.5328
0.5615
0.5698
0.6042
0.6000
0.5911
0.5753
0.5505
0.5600
0.5542
0.5527
0.5615
0.5499
0.5457
0.5582
0.5765
0.5707
0.5414
0.5371
0.5353
0.5722
0.5878
0.5908
0.5698
0.5536
0.5392
0.5557
0.5701
0.5728
0.5307
0.5292
0.5576
0.5414
0.5392
0.5490
0.5588
0.5719
0.5432
0.5179
0.5252
0.5295
0.5420
0.5640
0.5713
0.5521
0.5264
0.5505
0.5484
0.5402
0.5502
0.5649
0.6009
0.6119
0.6094
0.5887
0.5988
0.5908
0.5673
0.5524
0.5630
0.5713
0.5206
0.5096
0.5338
0.5945
0.6064
0.5841
0.5420
0.5280
0.5109
0.5359
0.5768
0.5927
0.5826
0.5469
0.5414
0.5420
0.5646
0.5865
0.5756
0.5484
0.5652
0.5896
0.5743
0.5814
0.5286
0.5179
0.5310
0.5417
0.5350
0.5396
0.5414
0.5548
0.5606
0.5914
0.5670
0.5237
0.5313
0.5646
0.5701
0.5811
0.6021
0.5835
0.5533
0.5676
0.5493
0.5414
0.5655
0.5502
0.5246
0.5286
0.5429
0.5237
0.5545
0.5615
0.5444
0.5402
0.5441
0.5399
0.5350
0.5615
0.5490
0.5231
0.5142
0.5493
0.5777
0.5530
0.5377
0.5573
0.5682
0.5768
0.5670
0.5640
0.5475
0.5392
0.5499
0.5374
0.5246
0.5374
0.5630
0.5566
0.5588
0.5298
0.5240
0.5414
0.5252
0.5496
0.5493
0.5377
0.5579
0.5536
0.5521
0.5402
0.5112
0.5103
0.5588
0.5887
0.5911
0.6216
0.6262
0.5972
0.6009
0.5988
0.5884
0.5762
0.5673
0.5618
0.5612
0.5322
0.5331
0.5383
0.5621
0.6006
0.5771
0.5692
0.5923
0.5893
0.5978
0.6018
0.5878
0.5737
0.5649
0.6079
0.5960
0.5807
0.5609
0.5716
0.5692
0.5612
0.5533
0.5237
0.5338
0.5362
0.5157
0.5206
0.5621
0.5496
0.5212
0.5112
0.5344
0.5679
0.5652
0.5646
0.5350
0.5447
0.5435
0.5630
0.5548
0.5621
0.5627
0.5865
0.5518
0.5676
0.5612
0.5460
0.5551
0.5725
0.5698
0.5557
0.5246
0.5310
0.5368
0.5194
0.5350
0.5411
0.5386
0.5682
0.5573
0.5627
0.5884
0.5731
0.5588
0.5383
0.5527
0.5713
0.5795
0.5704
0.5908
0.5722
0.5423
0.5606
0.5722
0.5515
0.5399
0.5399
0.5380
0.5356
0.5273
0.5270
0.4990
0.4910
0.5154
0.5283
0.5423
0.5466
0.5426
0.5447
0.5518
0.5466
0.5331
0.5356
0.5429
0.5670
0.5853
0.5658
0.5759
0.5844
0.6070
0.6210
0.5969
0.5676
0.5762
0.5835
0.5951
0.5875
0.6024
0.5936
0.5673
0.5469
0.5505
0.5429
0.5460
0.5408
0.5365
0.5579
0.5484
0.5484
0.5319
0.5444
0.5536
0.5527
0.5246
0.5087
0.5148
0.5072
0.4858
0.4758
0.5072
0.5301
0.5386
0.5371
0.5280
0.5399
0.5408
0.5338
0.5295
0.5472
0.5618
0.5725
0.5585
0.5377
0.5411
0.5502
0.5563
0.5643
0.5603
0.5627
0.5945
0.5862
0.5630
0.5371
0.5151
0.5444
0.5826
0.5908
0.5682
0.5731
0.5420
0.5380
0.5447
0.5655
0.5725
0.5835
0.5832
0.5743
0.5560
0.5243
0.5176
0.5405
0.5576
0.5722
0.5600
0.5579
0.5646
0.5844
0.5817
0.5457
0.5487
0.5490
0.5322
0.5444
0.5331
0.5499
0.5701
0.5426
0.5362
0.5576
0.5707
0.5612
0.5554
0.5823
0.5951
0.5997
0.5853
0.5695
0.5682
0.5606
0.5179
0.5051
0.5139
0.5194
0.5273
0.5356
0.5365
0.5203
0.5289
0.5316
0.5582
0.5655
0.5396
0.5496
0.5814
0.5594
0.5478
0.5548
0.5637
0.5798
0.5838
0.5588
0.5045
0.5087
0.5231
0.5234
0.5234
0.5377
0.5389
0.5383
0.5194
0.5301
0.5362
0.5609
0.5780
0.5707
0.5569
0.5872
0.6140
0.6061
0.5817
0.5484
0.5637
0.5847
0.5737
0.5566
0.5713
0.5630
0.5548
0.5527
0.5362
0.5432
0.5609
0.5731
0.5862
0.5753
0.5652
0.5707
0.5927
0.5829
0.5566
0.5444
0.5566
0.5762
0.5716
0.5365
0.5200
0.5469
0.5542
0.5609
0.5798
0.5792
0.5603
0.5566
0.5588
0.5432
0.5298
0.5579
0.5826
0.5563
0.5307
0.5344
0.5508
0.5582
0.5533
0.5539
0.5734
0.5820
0.5505
0.5362
0.5515
0.5615
0.5548
0.5487
0.5301
0.5136
0.5371
0.5658
0.5939
0.6021
0.5612
0.5545
0.5432
0.5557
0.5441
0.5774
0.6055
0.5740
0.5664
0.5637
0.5823
0.5673
0.5530
0.5579
0.5487
0.5542
0.5463
0.5304
0.5420
0.5576
0.5716
0.5841
0.5804
0.5701
0.5734
0.5457
0.5368
0.5325
0.5502
0.5637
0.5560
0.5508
0.5649
0.5807
0.5502
0.5286
0.5127
0.5392
0.5402
0.5566
0.5731
0.5649
0.5432
0.5435
0.5304
0.5371
0.5652
0.5502
0.5255
0.5304
0.5383
0.5621
0.5890
0.5722
0.5542
0.5225
0.5273
0.5203
0.5603
0.5777
