0.4562
0.4800
0.5096
0.5136
0.5301
0.5029
0.4816
0.5215
0.5652
0.5942
0.6000
0.5930
0.5936
0.6204
0.5841
0.5728
0.5591
0.5350
0.5469
0.5511
0.5545
0.5225
0.5093
0.5148
0.5212
0.5359
0.5325
0.5148
0.4858
0.5200
0.5283
0.5255
0.5304
0.5478
0.5093
0.5042
0.5215
0.5249
0.4913
0.4715
0.4794
0.5145
0.5432
0.5304
0.5264
0.5527
0.5551
0.5307
0.5249
0.5139
0.5057
0.5444
0.5826
0.5844
0.5923
0.5365
0.4840
0.4935
0.5078
0.5060
0.4877
0.5005
0.5121
0.5341
0.5722
0.5814
0.5951
0.5991
0.5624
0.5466
0.5228
0.5338
0.5289
0.5203
0.5450
0.5835
0.5682
0.5356
0.5325
0.5499
0.5264
0.5188
0.5325
0.5511
0.5380
0.5441
0.5533
0.5414
0.5356
0.5261
0.5151
0.5161
0.5078
0.5194
0.5716
0.5380
0.5072
0.5164
0.5322
0.5292
0.5173
0.5313
0.5368
0.5014
0.4834
0.5090
0.5475
0.5481
0.5389
0.4962
0.4858
0.5264
0.5420
0.5566
0.5673
0.5444
0.5362
0.5441
0.5530
0.5103
0.4898
0.5240
0.5362
0.5444
0.5591
0.5325
0.5402
0.5627
0.5820
0.5881
0.5804
0.5319
0.5087
0.5179
0.5267
0.5194
0.5170
0.5090
0.5173
0.5716
0.5756
0.5219
0.4922
0.5035
0.5356
0.5524
0.5490
0.5542
0.5576
0.5743
0.5804
0.5527
0.5240
0.5350
0.5371
0.5429
0.5902
0.6290
0.6082
0.5908
0.5548
0.5145
0.5017
0.4993
0.4855
0.5005
0.5792
0.6009
0.5597
0.5087
0.4874
0.4996
0.5322
0.5609
0.5716
0.5814
0.5673
0.5292
0.5023
0.5228
0.5463
0.5319
0.5042
0.4709
0.5060
0.5341
0.5255
0.5286
0.5325
0.5371
0.5289
0.5029
0.4800
0.4910
0.5017
0.5234
0.5362
0.5136
0.4984
0.5115
0.4968
0.5136
0.4944
0.4810
0.5109
0.5460
0.5350
0.5481
0.5753
0.5426
0.5273
0.5142
0.5264
0.5371
0.5368
0.5246
0.5023
0.5267
0.5234
0.5121
0.5032
0.4892
0.5042
0.5167
0.5255
0.5063
0.5087
0.5005
0.5069
0.4803
0.4959
0.5258
0.5313
0.5591
0.5685
0.5524
0.5502
0.5579
0.5585
0.5765
0.5862
0.5844
0.5518
0.5118
0.4965
0.4858
0.4932
0.5231
0.5255
0.5191
0.4889
0.5017
0.5048
0.4837
0.4581
0.4959
0.5115
0.4916
0.4361
0.4468
0.4926
0.4938
0.5093
0.4935
0.4984
0.5316
0.5685
0.5399
0.5020
0.5118
0.5356
0.5719
0.5911
0.5521
0.4947
0.4779
0.4700
0.4858
0.5176
0.5228
0.4932
0.4620
0.4831
0.5133
0.5191
0.4971
0.5106
0.5038
0.4919
0.4825
0.4764
0.4868
0.5295
0.5618
0.5331
0.5081
0.5051
0.5365
0.5652
0.5588
0.5411
0.5139
0.5286
0.5359
0.5127
0.5045
0.5209
0.5652
0.5972
0.5652
0.5011
0.4984
0.5264
0.5386
0.5225
0.4800
0.4898
0.5075
0.4794
0.4950
0.5176
0.5099
0.5054
0.5157
0.4916
0.4703
0.4663
0.5078
0.5164
0.5164
0.5060
0.5130
0.5524
0.5826
0.5792
0.5157
0.4810
0.5057
0.5194
0.5167
0.5347
0.5603
0.5234
0.5060
0.4837
0.5008
0.5191
0.5103
0.5222
0.5676
0.5591
0.5478
0.5273
0.5255
0.5359
0.5142
0.5023
0.5203
0.5179
0.5090
0.5127
0.5139
0.5176
0.5240
0.5093
0.5286
0.5469
0.5576
0.5643
0.5484
0.5249
0.5096
0.4974
0.5396
0.5533
0.5460
0.5301
0.5527
0.5814
0.5713
0.5176
0.4968
0.5319
0.5682
0.5725
0.5664
0.5667
0.5396
0.5170
0.5179
0.5371
0.5435
0.5469
0.5582
0.5545
0.5295
0.5399
0.5362
0.5157
0.5447
0.5524
0.5164
0.5118
0.5069
0.5197
0.5573
0.5405
0.5316
0.5035
0.4919
0.5209
0.5341
0.5023
0.5328
0.5423
0.5603
0.5505
0.5222
0.4953
0.4916
0.5307
0.5685
0.5792
0.5362
0.5243
0.5255
0.5658
0.5844
0.5933
0.6042
0.6049
0.5820
0.5658
0.5637
0.5350
0.4898
0.5014
0.5344
0.5237
0.4965
0.4745
0.4691
0.5389
0.5603
0.5344
0.5078
0.5139
0.5209
0.5081
0.5026
0.5215
0.5469
0.5518
0.5243
0.4980
0.5011
0.5338
0.5441
0.5316
0.5276
0.5142
0.5203
0.5670
0.5722
0.5377
0.5566
0.5615
0.5576
0.5554
0.5328
0.5469
0.5606
0.5725
0.5536
0.5313
0.5045
0.5130
0.5576
0.5518
0.5453
0.5374
0.5176
0.5246
0.5029
0.4776
0.5148
0.5756
0.6161
0.5688
0.5304
0.5362
0.5179
0.5182
0.5307
0.5325
0.5386
0.5597
0.5569
0.5478
0.5374
0.5307
0.5344
0.5106
0.5029
0.4932
0.4822
0.5090
0.5627
0.5695
0.5481
0.5374
0.5460
0.5673
0.5801
0.5548
0.5588
0.5685
0.5753
0.5893
0.5765
0.5545
0.5420
0.5655
0.5823
0.5756
0.5618
0.5682
0.5804
0.5746
0.5798
0.5423
0.5444
0.5313
0.5154
0.5106
0.5606
0.5554
0.5786
0.5615
0.5667
0.5823
0.5640
0.5533
0.5667
0.5527
0.5664
0.5240
0.5215
0.5225
0.5057
0.4764
0.4703
0.4996
0.5176
0.5420
0.5774
0.6064
0.6024
0.5753
0.5475
0.5417
0.4993
0.4901
0.5548
0.5939
0.5676
0.5106
0.5264
0.5402
0.5383
0.5130
0.4968
0.5185
0.5463
0.5386
0.5161
0.5139
0.5154
0.5203
0.5441
0.5347
0.5365
0.5566
0.5768
0.5728
0.5853
0.5811
0.5307
0.5118
0.5014
0.4926
0.5112
0.5371
0.5194
0.5234
0.5536
0.5588
0.5667
0.5457
0.5371
0.5499
0.5469
