0.4306
0.4364
0.4303
0.4306
0.4413
0.4346
0.4376
0.4184
0.4071
0.4288
0.4092
0.4132
0.4337
0.4932
0.5283
0.5606
0.5219
0.4568
0.4330
0.4260
0.4547
0.4834
0.5344
0.5328
0.5469
0.5283
0.4895
0.4459
0.4675
0.4395
0.4129
0.4327
0.4248
0.4471
0.4523
0.4218
0.4257
0.4471
0.4825
0.4675
0.4559
0.4703
0.4861
0.4492
0.4297
0.4123
0.3989
0.4486
0.4919
0.4272
0.4102
0.4538
0.4489
0.4715
0.4791
0.4718
0.4630
0.4413
0.4379
0.4297
0.4395
0.4309
0.4257
0.4550
0.4736
0.5450
0.5481
0.4962
0.4410
0.4150
0.3851
0.4117
0.4687
0.4724
0.4816
0.4916
0.4602
0.4318
0.4407
0.4288
0.4291
0.4556
0.4654
0.4648
0.4639
0.4648
0.4544
0.4440
0.4376
0.4651
0.4526
0.4691
0.4608
0.4333
0.4504
0.4858
0.4950
0.4440
0.4398
0.4611
0.4416
0.4358
0.4279
0.4376
0.4663
0.4675
0.4736
0.4477
0.4517
0.4904
0.4865
0.4581
0.4865
0.5008
0.4791
0.4205
0.4214
0.4373
0.4208
0.4233
0.4425
0.4535
0.4303
0.4340
0.4776
0.5008
0.4956
0.5176
0.5402
0.5124
0.4926
0.5148
0.4913
0.4749
0.4736
0.4517
0.4291
0.4303
0.4218
0.4068
0.4440
0.5066
0.5133
0.5356
0.5585
0.5011
0.4672
0.4700
0.4910
0.4730
0.4758
0.4575
0.4422
0.4437
0.4938
0.4974
0.4776
0.5060
0.5316
0.4898
0.5115
0.5286
0.5264
0.4868
0.5103
0.5118
0.4721
0.4614
0.4684
0.4736
0.5182
0.5423
0.5646
0.5435
0.4968
0.4916
0.4642
0.4309
0.4019
0.4581
0.5289
0.4944
0.4453
0.4218
0.3998
0.4193
0.4465
0.4391
0.4150
0.4279
0.4224
0.4300
0.4224
0.4007
0.3964
0.4272
0.4343
0.4221
0.4456
0.4480
0.4163
0.3979
0.3983
0.4187
0.4550
0.4559
0.4355
0.4626
0.5008
0.4962
0.5255
0.4858
0.4648
0.4385
0.4675
0.5322
0.5518
0.5157
0.4697
0.4529
0.4532
0.4453
0.4770
0.4819
0.4663
0.4346
0.4245
0.4486
0.4724
0.4678
0.4581
0.4654
0.4327
0.4590
0.5090
0.5200
0.4965
0.4587
0.4700
0.4800
0.4578
0.4309
0.4324
0.4883
0.5212
0.4712
0.4294
0.4248
0.4462
0.4797
0.5081
0.5167
0.4996
0.5347
0.5499
0.5548
0.5487
0.5411
0.5185
0.5264
0.4938
0.5042
0.5219
0.5017
0.4767
0.4694
0.4785
0.4822
0.4840
0.5005
0.5508
0.5862
0.5505
0.4913
0.4788
0.4691
0.4437
0.4736
0.5209
0.5539
0.5359
0.5173
0.4990
0.4910
0.4843
0.4443
0.4309
0.4269
0.4153
0.4315
0.4712
0.4788
0.5099
0.5020
0.4929
0.4590
0.4300
0.4141
0.4279
0.4575
0.4895
0.4749
0.4459
0.4547
0.4578
0.4514
0.4980
0.5179
0.5365
0.5450
0.4996
0.4443
0.4498
0.4474
0.4453
0.4068
0.4028
0.4272
0.4398
0.4913
0.5075
0.4913
0.4376
0.4434
0.4346
0.4153
0.4648
0.4648
0.4080
0.4022
0.4639
0.4785
0.4871
0.4825
0.4816
0.4874
0.5267
0.4971
0.4407
0.4044
0.4095
0.4556
0.4581
0.4181
0.4135
0.4004
0.4382
0.5151
0.5215
0.5325
0.5408
0.5365
0.5270
0.5170
0.4883
0.4520
0.5121
0.5594
0.5295
0.5145
0.4767
0.4807
0.4544
0.4648
0.5136
0.5087
0.4401
0.4175
0.4001
0.3970
0.3888
0.4520
0.5261
0.5197
0.4501
0.4285
0.4276
0.4419
0.4401
0.4315
0.4520
0.4929
0.4724
0.4492
0.4327
0.4745
0.4987
0.4770
0.4419
0.4297
0.4309
0.4462
0.4730
0.5170
0.4739
0.4492
0.4428
0.4623
0.4367
0.4327
0.4709
0.4520
0.4385
0.4395
0.4575
0.4538
0.4208
0.4172
0.4031
0.4053
0.4358
0.4321
0.4324
0.4333
0.4800
0.5484
0.5524
0.5219
0.4752
0.4370
0.4309
0.4349
0.4333
0.4227
0.4062
0.4056
0.4752
0.5484
0.5600
0.5099
0.4575
0.4477
0.5078
0.5313
0.4565
0.4477
0.4282
0.4251
0.4150
0.4703
0.4614
0.4810
0.5020
0.5011
0.4861
0.4904
0.4880
0.4599
0.4529
0.4788
0.5038
0.4868
0.4840
0.5273
0.5490
0.5103
0.5341
0.5771
0.5472
0.4596
0.4358
0.4752
0.4828
0.5139
0.5042
0.4684
0.5206
0.5508
0.4984
0.4938
0.4932
0.5023
0.4932
0.4651
0.5191
0.5258
0.5322
0.5176
0.4907
0.4727
0.4807
0.4425
0.4633
0.4965
0.4980
0.5048
0.4816
0.4651
0.4678
0.4514
0.4498
0.4785
0.4819
0.4474
0.4483
0.4602
0.4706
0.5099
0.4904
0.4666
0.4813
0.4800
0.4581
0.5142
0.5121
0.4547
0.4462
0.4465
0.4626
0.4974
0.5463
0.5716
0.5554
0.4932
0.4861
0.5273
0.5402
0.4959
0.4901
0.4462
0.4321
0.4645
0.4727
0.4834
0.4993
0.4968
0.4855
0.4529
0.4260
0.4474
0.4587
0.4367
0.4184
0.4288
0.4398
0.4517
0.4568
0.4648
0.4837
0.4660
0.4572
0.4922
0.5106
0.4559
0.4468
0.4730
0.4648
0.4611
0.4642
0.4550
0.4248
0.4526
0.4770
0.5032
0.5075
0.4803
0.4651
0.4507
0.4202
0.3799
0.3760
0.3964
0.4306
0.4950
0.4990
0.4752
0.4718
0.4422
0.4172
0.4160
0.4590
0.4492
0.4776
0.5060
0.5466
0.5289
0.4840
0.4764
0.5167
0.5008
0.4575
0.4559
0.4840
0.4724
0.4691
0.4590
0.4398
0.4346
0.4483
0.4614
0.4553
0.4294
0.4828
0.4874
0.4626
0.4749
0.5170
0.4993
0.4807
0.4614
0.4437
0.4495
