0.5859
0.5841
0.5844
0.5872
0.5676
0.5856
0.6143
0.6155
0.6079
0.5969
0.6015
0.5841
0.5862
0.5899
0.5859
0.5652
0.5518
0.5521
0.5740
0.5856
0.6104
0.6046
0.6067
0.5978
0.6018
0.5814
0.5957
0.5869
0.5771
0.5554
0.5869
0.6140
0.6174
0.6113
0.6134
0.6046
0.5991
0.5884
0.5930
0.6094
0.5911
0.5695
0.5472
0.5698
0.5887
0.5936
0.5875
0.5621
0.5765
0.5978
0.6036
0.6030
0.6018
0.5917
0.5927
0.6094
0.6134
0.6158
0.6119
0.5994
0.5865
0.6012
0.6042
0.5896
0.5978
0.5838
0.5951
0.5945
0.5640
0.5734
0.5902
0.6177
0.6158
0.6168
0.5966
0.6046
0.5902
0.6064
0.6335
0.6262
0.6189
0.6335
0.6448
0.6195
0.6186
0.6036
0.6036
0.6177
0.6104
0.5905
0.5698
0.5722
0.5893
0.5936
0.5978
0.5865
0.5835
0.6110
0.6219
0.6128
0.5847
0.5801
0.5722
0.5554
0.5627
0.5902
0.6195
0.6384
0.6204
0.6250
0.6168
0.6140
0.5994
0.5862
0.5759
0.5664
0.5960
0.6213
0.6067
0.5841
0.5594
0.5688
0.5978
0.6149
0.6180
0.5988
0.5704
0.5975
0.5927
0.5911
0.5966
0.6012
0.6018
0.6100
0.5923
0.5920
0.5814
0.5862
0.5893
0.5878
0.5923
0.6012
0.5988
0.6125
0.6076
0.6158
0.6177
0.5862
0.5847
0.5908
0.6155
0.6317
0.6009
0.5951
0.5847
0.5713
0.5682
0.5826
0.5826
0.5835
0.5658
0.5643
0.5649
0.5542
0.5646
0.5988
0.5957
0.5945
0.6064
0.6213
0.6052
0.6009
0.5713
0.5832
0.6055
0.6204
0.6372
0.6387
0.5994
0.5753
0.6021
0.6143
0.6149
0.5905
0.5743
0.6021
0.5792
0.5719
0.5823
0.5908
0.5991
0.5804
0.5768
0.5798
0.5835
0.5975
0.6012
0.5930
0.6091
0.6171
0.5984
0.5844
0.5914
0.6006
0.5847
0.5847
0.5905
0.5981
0.6012
0.6104
0.6104
0.6033
0.6113
0.6116
0.6180
0.5899
0.5728
0.5917
0.5911
0.5896
0.5902
0.5988
0.5908
0.5792
0.5969
0.5890
0.5832
0.5957
0.6036
0.5905
0.5865
0.6052
0.6134
0.6396
0.6409
0.6256
0.6018
0.5911
0.5923
0.5878
0.5984
0.5978
0.6082
0.6223
0.5988
0.5933
0.5826
0.5710
0.5859
0.6012
0.6067
0.5795
0.5737
0.5676
0.5753
0.5762
0.5951
0.6036
0.5945
0.5963
0.5972
0.6009
0.5954
0.5591
0.5609
0.5569
0.5606
0.5588
0.5768
0.5881
0.5844
0.5759
0.5930
0.5823
0.5872
0.5933
0.5887
0.5734
0.5795
0.6091
0.6140
0.6061
0.6152
0.6055
0.6049
0.5914
0.5862
0.5719
0.5707
0.5865
0.6052
0.5820
0.5750
0.5884
0.5972
0.6064
0.6308
0.6137
0.6033
0.6055
0.6049
0.5887
0.6223
0.6323
0.6256
0.5988
0.6082
0.5734
0.5453
0.5597
0.5740
0.5997
0.6064
0.6244
0.6174
0.5869
0.5716
0.5975
0.6125
0.6281
0.6390
0.6305
0.6091
0.6055
0.6094
0.5893
0.6076
0.5762
0.5713
0.5725
0.5557
0.5692
0.5667
0.5505
0.5582
0.5911
0.5786
0.5667
0.5637
0.5746
0.5878
0.5597
0.5759
0.5606
0.5801
0.5957
0.5896
0.5731
0.5887
0.5823
0.5811
0.5539
0.5423
0.5588
0.5795
0.5899
0.5807
0.5832
0.5872
0.5688
0.5576
0.5521
0.5923
0.6155
0.5988
0.5969
0.5920
0.5838
0.5740
0.5856
0.6110
0.6168
0.5911
0.5853
0.5896
0.5777
0.5804
0.5655
0.5579
0.5551
0.5530
0.5753
0.5685
0.5804
0.5435
0.5673
0.5923
0.6058
0.5923
0.5981
0.6116
0.6125
0.6039
0.5936
0.5875
0.5997
0.5853
0.5884
0.6091
0.6064
0.5887
0.5792
0.6027
0.6055
0.6152
0.5942
0.5740
0.5734
0.5615
0.6000
0.5911
0.5908
0.5844
0.5725
0.5588
0.5569
0.5847
0.6238
0.6384
0.6119
0.6018
0.5969
0.5698
0.5539
0.5856
0.5927
0.5978
0.5948
0.5829
0.5630
0.5566
0.5838
0.6100
0.6226
0.6116
0.5957
0.6000
0.5707
0.5542
0.5597
0.5795
0.5807
0.5997
0.5975
0.5878
0.5734
0.5701
0.5615
0.5771
0.5765
0.5756
0.6085
0.6296
0.6027
0.5960
0.5994
0.6018
0.6046
0.6046
0.6238
0.6219
0.6052
0.5899
0.5875
0.5890
0.5826
0.5798
0.5832
0.5844
0.6012
0.6107
0.5991
0.5865
0.5811
0.5942
0.6042
0.5948
0.5957
0.5997
0.6079
0.6192
0.5951
0.5743
0.5713
0.5859
0.5692
0.5704
0.5716
0.5844
0.5969
0.5804
0.5521
0.5582
0.5960
0.6207
0.6195
0.6171
0.6055
0.6006
0.6110
0.5997
0.5948
0.5978
0.5887
0.5896
0.6039
0.5975
0.5856
0.5853
0.6009
0.5862
0.5817
0.5716
0.5728
0.5859
0.6042
0.5853
0.5713
0.5716
0.5820
0.5786
0.5826
0.5917
0.5725
0.5865
0.5826
0.5695
0.5630
0.5576
0.5585
0.5524
0.5713
0.5939
0.5865
0.5615
0.5670
0.5847
0.5780
0.5817
0.5988
0.5960
0.5966
0.6033
0.5951
0.5829
0.5624
0.5771
0.5981
0.5954
0.6003
0.5972
0.5951
0.5551
0.5569
0.6012
0.5920
0.6085
0.6155
0.6125
0.6064
0.6104
0.5911
0.5835
0.5865
0.5832
0.5869
0.5841
0.5725
0.5682
0.5612
0.5698
0.5878
0.5865
0.5981
0.5948
0.5734
0.5835
0.5920
0.5798
0.5722
0.5710
0.5655
0.5688
0.5734
0.5872
0.5945
0.6018
0.5997
0.5878
0.5951
0.6189
0.5887
0.5734
0.5811
0.5930
0.5881
0.6055
0.6174
0.6241
0.5960
0.5853
0.5832
