0.5319
0.4559
0.3775
0.4099
0.4495
0.4700
0.5206
0.4819
0.4163
0.3952
0.3976
0.3830
0.4156
0.4126
0.4120
0.4126
0.4147
0.4092
0.3860
0.3781
0.3415
0.3293
0.3448
0.4105
0.4892
0.4883
0.4236
0.3812
0.3683
0.3922
0.3775
0.3613
0.3665
0.3802
0.3894
0.3821
0.3629
0.3503
0.3384
0.3378
0.3427
0.3577
0.3323
0.3403
0.3571
0.3705
0.3857
0.4300
0.3888
0.3571
0.3760
0.4398
0.4755
0.4269
0.4572
0.5161
0.4410
0.3683
0.3384
0.3589
0.3754
0.3503
0.3799
0.4364
0.4391
0.4218
0.3992
0.4129
0.4193
0.4483
0.4767
0.4526
0.4050
0.4205
0.3748
0.3900
0.3931
0.3558
0.3024
0.2991
0.3958
0.4080
0.3986
0.4239
0.4031
0.3683
0.3415
0.3656
0.4202
0.3967
0.3757
0.3900
0.3970
0.4294
0.4391
0.4147
0.4071
0.3613
0.3580
0.3922
0.4187
0.3595
0.3616
0.3604
0.3702
0.3540
0.3650
0.3845
0.3873
0.4013
0.3723
0.3503
0.4037
0.4385
0.4242
0.4687
0.4709
0.4019
0.3741
0.3763
0.3894
0.4379
0.4355
0.4767
0.4434
0.4486
0.4877
0.4819
0.4520
0.4572
0.3955
0.4205
0.4272
0.4105
0.4398
0.4962
0.4764
0.4556
0.4483
0.4385
0.4114
0.4059
0.3964
0.4019
0.3833
0.4169
0.4297
0.4153
0.3665
0.3891
0.3870
0.3799
0.3647
0.3854
0.4083
0.3882
0.3857
0.4364
0.5273
0.5573
0.5643
0.5396
0.5054
0.4404
0.4208
0.4306
0.3903
0.3741
0.4144
0.4251
0.4111
0.3366
0.3278
0.3259
0.3516
0.3622
0.3616
0.3729
0.3659
0.3836
0.3674
0.3546
0.3845
0.4065
0.3748
0.3482
0.3772
0.3867
0.3683
0.3323
0.3549
0.4041
0.4257
0.4031
0.3885
0.3931
0.3766
0.3711
0.3677
0.3503
0.3864
0.4434
0.4407
0.4523
0.4770
0.5038
0.4907
0.4599
0.4495
0.4352
0.4358
0.4687
0.4413
0.4132
0.4187
0.3885
0.3604
0.3458
0.3668
0.3827
0.3992
0.4129
0.4193
0.3949
0.3986
0.4340
0.4678
0.4236
0.3683
0.3467
0.3922
0.3885
0.3754
0.4169
0.4047
0.3787
0.3860
0.3873
0.3607
0.3357
0.3748
0.3922
0.3696
0.3662
0.4242
0.4782
0.4532
0.4239
0.3998
0.3903
0.3729
0.3607
0.4553
0.4813
0.3998
0.3964
0.3885
0.3766
0.3622
0.3519
0.3629
0.3940
0.4703
0.4468
0.4019
0.3928
0.4068
0.3830
0.3412
0.3329
0.3583
0.3876
0.4266
0.3961
0.3711
0.3796
0.3714
0.4004
0.4117
0.3946
0.3821
0.4089
0.4416
0.3928
0.3894
0.3882
0.3812
0.3723
0.3372
0.3625
0.3983
0.4053
0.4016
0.4593
0.4636
0.4285
0.4092
0.4132
0.3912
0.3482
0.3323
0.3735
0.4144
0.4309
0.4132
0.3946
0.4013
0.4196
0.4959
0.5237
0.4800
0.4272
0.4022
0.3668
0.3632
0.3610
0.3448
0.3296
0.3653
0.3613
0.3427
0.3400
0.3961
0.3952
0.4123
0.4138
0.3870
0.3979
0.4010
0.4022
0.3882
0.4102
0.4050
0.3961
0.3891
0.3842
0.4114
0.3931
0.3619
0.3497
0.3726
0.3726
0.3333
0.3394
0.3647
0.3802
0.3741
0.3848
0.3867
0.3864
0.3766
0.3494
0.3540
0.3918
0.3638
0.3336
0.3513
0.3876
0.4517
0.4205
0.3705
0.3842
0.4132
0.4025
0.3595
0.3857
0.3873
0.3867
0.3635
0.4367
0.4700
0.4224
0.3992
0.3674
0.3415
0.3711
0.3796
0.4114
0.4007
0.4364
0.4379
0.4083
0.4626
0.4794
0.4321
0.4507
0.4761
0.5225
0.4550
0.4416
0.4947
0.4480
0.4190
0.3839
0.3897
0.4019
0.4236
0.3879
0.3732
0.4126
0.4120
0.4584
0.4428
0.4443
0.4214
0.3738
0.3552
0.3439
0.3256
0.3403
0.4556
0.4980
0.4626
0.4550
0.4053
0.3888
0.3842
0.3891
0.4080
0.3812
0.3888
0.4321
0.4788
0.4776
0.4495
0.4477
0.4807
0.5292
0.5261
0.4770
0.4401
0.3931
0.3989
0.4126
0.3690
0.3650
0.3909
0.3775
0.3564
0.3531
0.3284
0.3369
0.3687
0.3946
0.4037
0.4089
0.3955
0.3754
0.3531
0.3641
0.3775
0.3854
0.3909
0.3793
0.3525
0.3690
0.3470
0.3891
0.4187
0.4550
0.4938
0.4968
0.4529
0.3943
0.3714
0.3577
0.3613
0.4251
0.4745
0.4663
0.4355
0.4340
0.4282
0.4556
0.4102
0.3769
0.3406
0.3299
0.3564
0.3558
0.3607
0.3812
0.3897
0.4095
0.4041
0.3888
0.3839
0.3729
0.3656
0.3958
0.3922
0.4044
0.3995
0.4044
0.3885
0.3833
0.3992
0.3983
0.3671
0.3748
0.4031
0.3900
0.3751
0.3891
0.3937
0.3671
0.3687
0.3934
0.3571
0.3589
0.4263
0.4312
0.3979
0.3519
0.3430
0.3601
0.4080
0.3925
0.3989
0.4047
0.4239
0.4269
0.4181
0.4129
0.4526
0.4596
0.4800
0.4398
0.4233
0.4730
0.4468
0.4297
0.4462
0.4520
0.4160
0.3925
0.4153
0.4965
0.5331
0.5136
0.4782
0.4391
0.3784
0.3595
0.4233
0.4175
0.3818
0.3711
0.3580
0.3763
0.3662
0.3375
0.3363
0.4129
0.4593
0.4343
0.4306
0.4489
0.4807
0.4565
0.4227
0.3857
0.3986
0.4108
0.3952
0.3949
0.4306
0.4279
0.4095
0.3983
0.3772
0.3781
0.4031
0.4459
0.4361
0.4187
0.3580
0.3452
0.3979
0.4260
0.4712
0.4849
0.4819
0.4614
0.4599
0.4697
0.4257
0.3967
0.3647
0.3455
0.3531
0.3754
0.3741
0.3519
0.3372
0.3696
0.4089
0.4108
0.4434
0.4028
0.3836
0.4330
