0.3864
0.4092
0.4291
0.4037
0.3732
0.3818
0.3796
0.4050
0.4874
0.4834
0.4687
0.4471
0.4199
0.4276
0.4507
0.4056
0.3818
0.3616
0.3848
0.4453
0.4816
0.4532
0.4208
0.3796
0.3522
0.3391
0.3494
0.3839
0.4050
0.3613
0.3491
0.3558
0.3574
0.3604
0.3491
0.3571
0.3671
0.4703
0.4727
0.4349
0.4123
0.4297
0.4776
0.4932
0.4520
0.4163
0.3912
0.3601
0.3766
0.4514
0.4614
0.4398
0.4318
0.4034
0.4025
0.4532
0.4489
0.4303
0.4016
0.4037
0.3735
0.3448
0.3204
0.3244
0.3497
0.3665
0.3961
0.3650
0.3720
0.4019
0.4190
0.4340
0.4187
0.3955
0.3940
0.3812
0.3513
0.4279
0.4678
0.4367
0.4263
0.4507
0.4733
0.4773
0.4608
0.4385
0.3787
0.3577
0.3827
0.3989
0.4138
0.4373
0.3998
0.3665
0.3647
0.3558
0.3549
0.3500
0.3561
0.3720
0.4318
0.4453
0.4794
0.4254
0.4431
0.4483
0.4068
0.3708
0.3754
0.3424
0.3323
0.3351
0.3613
0.3598
0.3790
0.4172
0.4462
0.4230
0.4022
0.3537
0.3851
0.4498
0.4672
0.4285
0.4419
0.5066
0.4941
0.4675
0.4178
0.3897
0.4056
0.3882
0.3448
0.3824
0.3629
0.3586
0.4065
0.4556
0.4416
0.4507
0.4974
0.4849
0.4901
0.4819
0.4147
0.3763
0.3967
0.4120
0.4318
0.4755
0.4532
0.3961
0.3690
0.3705
0.4541
0.4245
0.4071
0.4153
0.4456
0.4443
0.4037
0.4001
0.3604
0.3409
0.3592
0.3796
0.3641
0.3619
0.3635
0.3979
0.3976
0.4056
0.3976
0.3671
0.3415
0.3250
0.3525
0.3592
0.3729
0.3674
0.3647
0.3546
0.3757
0.3723
0.3366
0.3714
0.3625
0.3577
0.3531
0.4288
0.4953
0.4602
0.3970
0.3799
0.3699
0.3534
0.3546
0.3760
0.3964
0.4504
0.4617
0.4352
0.4135
0.3961
0.3860
0.4492
0.4181
0.3897
0.3827
0.4514
0.5106
0.4758
0.4047
0.4013
0.4166
0.4022
0.3903
0.3690
0.4053
0.4150
0.4630
0.5298
0.4965
0.4807
0.5273
0.5264
0.5264
0.4758
0.4108
0.3912
0.3726
0.3476
0.3336
0.3955
0.4004
0.3854
0.4053
0.4089
0.3821
0.3687
0.4395
0.4349
0.3922
0.3763
0.3751
0.3741
0.4077
0.3986
0.3693
0.4315
0.4553
0.4517
0.4584
0.4535
0.4395
0.4166
0.3906
0.3665
0.3613
0.4034
0.4007
0.3586
0.3851
0.4544
0.4324
0.3796
0.3702
0.3622
0.3857
0.3806
0.3696
0.3610
0.4010
0.3848
0.4407
0.4404
0.4330
0.4520
0.4440
0.4132
0.3772
0.3690
0.4028
0.4639
0.4858
0.4846
0.4510
0.4199
0.4114
0.4233
0.3928
0.3836
0.4001
0.4092
0.4517
0.4282
0.4034
0.3809
0.3436
0.3531
0.3549
0.4477
0.5048
0.4578
0.4303
0.4721
0.4871
0.4294
0.3574
0.3284
0.3705
0.4886
0.5655
0.5038
0.4315
0.4044
0.4169
0.4932
0.5020
0.4150
0.3760
0.4016
0.3696
0.3214
0.3250
0.3622
0.4266
0.4498
0.4608
0.4276
0.4242
0.4407
0.4221
0.4095
0.3857
0.3934
0.4178
0.3818
0.3925
0.3961
0.3503
0.3561
0.3897
0.4373
0.4041
0.3751
0.3568
0.3497
0.3616
0.3284
0.3400
0.3882
0.3610
0.3430
0.3369
0.3265
0.3259
0.3528
0.3336
0.3418
0.3799
0.3568
0.3452
0.3656
0.3464
0.3333
0.3494
0.3696
0.3876
0.4016
0.4056
0.4034
0.3961
0.4245
0.4474
0.4410
0.4089
0.4160
0.4071
0.4156
0.4013
0.3885
0.3610
0.3467
0.3839
0.4044
0.3833
0.3421
0.3479
0.3552
0.3510
0.3613
0.3763
0.3741
0.3851
0.4074
0.4016
0.3748
0.3564
0.3882
0.4324
0.4575
0.4282
0.3833
0.4111
0.4828
0.4776
0.4437
0.3928
0.3674
0.4092
0.4687
0.4568
0.4129
0.3793
0.3543
0.3690
0.4111
0.4306
0.4150
0.3760
0.3543
0.3561
0.3574
0.3864
0.4535
0.4602
0.3809
0.3375
0.3326
0.3799
0.3955
0.4196
0.4471
0.3830
0.3436
0.3363
0.3848
0.4703
0.5307
0.5576
0.5383
0.4858
0.4361
0.4495
0.4263
0.4068
0.3741
0.3745
0.3473
0.3635
0.3580
0.3860
0.3705
0.3857
0.3922
0.3516
0.4068
0.4471
0.4840
0.4568
0.4358
0.4358
0.3995
0.3656
0.3519
0.3802
0.4361
0.4312
0.4166
0.4443
0.4974
0.4584
0.4465
0.4349
0.4773
0.4596
0.4254
0.4047
0.4074
0.4410
0.4263
0.4483
0.4587
0.4776
0.4346
0.4413
0.4407
0.4468
0.4224
0.4184
0.3729
0.3558
0.3497
0.4456
0.4782
0.4196
0.4013
0.3894
0.3589
0.3540
0.3836
0.3601
0.3574
0.3680
0.3781
0.3638
0.3568
0.3635
0.3775
0.3882
0.3833
0.4654
0.4736
0.4721
0.4810
0.4779
0.4169
0.3806
0.4199
0.4437
0.4346
0.4172
0.4266
0.4126
0.4077
0.4028
0.3937
0.3961
0.4257
0.3976
0.3558
0.3436
0.3372
0.3009
0.3033
0.3247
0.3543
0.3531
0.3403
0.3592
0.4202
0.4083
0.3738
0.3653
0.3601
0.4041
0.4633
0.4773
0.4486
0.4550
0.4779
0.4648
0.4138
0.3793
0.3845
0.3848
0.4129
0.4221
0.3745
0.3644
0.3754
0.3488
0.3506
0.4034
0.4752
0.4535
0.4501
0.4233
0.4324
0.4373
0.4111
0.3812
0.3891
0.3879
0.3433
0.3989
0.4517
0.4834
0.4687
0.4211
0.4376
0.4169
0.3839
0.3662
0.3662
0.3589
0.4077
0.4422
0.4315
0.4111
0.4156
0.3833
0.4248
0.3983
0.3622
0.3659
0.4007
0.4315
0.3998
0.4135
0.4163
