0.5722
0.5164
0.5087
0.5182
0.5643
0.5621
0.5191
0.5112
0.5240
0.5377
0.5188
0.5264
0.5582
0.5685
0.5557
0.5325
0.5215
0.5356
0.5460
0.5396
0.5267
0.5051
0.4987
0.5414
0.5957
0.5978
0.5435
0.5112
0.5096
0.5029
0.4965
0.4953
0.5087
0.5045
0.5109
0.5417
0.5823
0.5560
0.5768
0.5594
0.5130
0.5133
0.5310
0.5551
0.5368
0.5023
0.5087
0.5353
0.5423
0.5121
0.5060
0.5310
0.5292
0.4926
0.4758
0.4965
0.4782
0.5148
0.5035
0.5206
0.4944
0.4980
0.4947
0.4810
0.4779
0.4739
0.4755
0.4922
0.5371
0.5649
0.5798
0.5557
0.5698
0.5554
0.5026
0.5066
0.5060
0.5475
0.5338
0.5203
0.5228
0.5090
0.5151
0.5234
0.5438
0.5655
0.5933
0.6213
0.6049
0.5374
0.5023
0.5109
0.5316
0.5176
0.4913
0.5032
0.5762
0.6058
0.5951
0.5759
0.5615
0.5655
0.5588
0.5649
0.5640
0.5737
0.5435
0.5246
0.5295
0.4987
0.5078
0.5078
0.5017
0.5103
0.5212
0.5322
0.5371
0.5234
0.4877
0.4947
0.5362
0.5469
0.5771
0.5826
0.5502
0.5554
0.5594
0.5344
0.5429
0.5582
0.5493
0.5563
0.5698
0.5371
0.5307
0.5161
0.5081
0.5084
0.5057
0.4892
0.5014
0.5023
0.4944
0.5228
0.5127
0.5109
0.5261
0.5133
0.5063
0.5222
0.5661
0.6036
0.6000
0.5765
0.5325
0.4996
0.4739
0.4642
0.4947
0.5283
0.5301
0.4916
0.4938
0.5246
0.5203
0.5078
0.4919
0.5307
0.5212
0.5310
0.5176
0.5069
0.5078
0.5338
0.5252
0.5142
0.4965
0.5273
0.5377
0.5261
0.5176
0.5029
0.5167
0.5457
0.5496
0.5453
0.5252
0.5066
0.4831
0.4855
0.5191
0.5225
0.5151
0.5185
0.5304
0.5273
0.5057
0.5151
0.5286
0.5484
0.5359
0.5103
0.4843
0.4681
0.4745
0.5151
0.5499
0.5453
0.5032
0.4913
0.5167
0.5057
0.5127
0.5081
0.5457
0.5872
0.5685
0.5347
0.5090
0.4837
0.5078
0.5362
0.5188
0.5313
0.5423
0.5515
0.5652
0.5441
0.5087
0.5042
0.5176
0.5325
0.5115
0.4980
0.4865
0.4938
0.5209
0.5429
0.5450
0.5347
0.5286
0.5319
0.5292
0.5188
0.4965
0.5209
0.5371
0.5420
0.5225
0.5139
0.5411
0.5551
0.5405
0.5350
0.5246
0.5319
0.5460
0.5276
0.5197
0.5176
0.5637
0.5524
0.5609
0.5365
0.5032
0.5396
0.5551
0.5530
0.5310
0.4782
0.4681
0.4721
0.5072
0.5084
0.4810
0.4901
0.5142
0.5078
0.5145
0.5255
0.5618
0.5646
0.5423
0.5292
0.4868
0.4797
0.5203
0.5029
0.4504
0.4404
0.4456
0.4532
0.4861
0.5255
0.5392
0.5392
0.5450
0.5542
0.5722
0.5823
0.5600
0.5490
0.5637
0.5429
0.4935
0.4858
0.5240
0.5408
0.5084
0.5054
0.4959
0.5157
0.5115
0.4767
0.4852
0.4858
0.4999
0.5249
0.5084
0.4868
0.4813
0.4721
0.4993
0.5249
0.5081
0.5127
0.5487
0.5853
0.5530
0.5267
0.5331
0.5060
0.4935
0.5276
0.5380
0.5176
0.5118
0.5301
0.5325
0.5676
0.5954
0.5817
0.5963
0.5460
0.4984
0.5215
0.5078
0.5154
0.5258
0.5624
0.5716
0.5737
0.5679
0.5447
0.5505
0.5728
0.5664
0.5356
0.5292
0.5756
0.5511
0.5261
0.5084
0.4932
0.5380
0.5466
0.5408
0.5573
0.5588
0.5371
0.5276
0.5161
0.4941
0.5002
0.5194
0.5353
0.5350
0.4904
0.5063
0.5212
0.5133
0.4938
0.5057
0.5243
0.5359
0.5246
0.5286
0.5649
0.5737
0.5884
0.5780
0.5609
0.5588
0.5371
0.5496
0.5569
0.5563
0.5634
0.5490
0.5310
0.5389
0.5145
0.5093
0.4724
0.4718
0.4996
0.4935
0.5148
0.5429
0.5469
0.5713
0.5969
0.5634
0.5420
0.5469
0.5508
0.5518
0.5322
0.5371
0.5215
0.5270
0.5222
0.5338
0.5341
0.5206
0.5328
0.5505
0.5469
0.5536
0.5609
0.5569
0.5295
0.5157
0.5350
0.5643
0.5606
0.5164
0.4932
0.4797
0.4718
0.5234
0.5453
0.5667
0.5557
0.5441
0.5298
0.5139
0.5072
0.5231
0.5307
0.5414
0.5258
0.5222
0.4935
0.4706
0.4526
0.4666
0.4767
0.5142
0.5292
0.5157
0.5185
0.5157
0.5109
0.5029
0.5035
0.5276
0.5344
0.5060
0.5054
0.5243
0.5112
0.5063
0.5518
0.5914
0.6009
0.5637
0.4993
0.5103
0.5505
0.5606
0.5325
0.5209
0.5209
0.5423
0.5475
0.5197
0.5194
0.5347
0.5511
0.5508
0.5209
0.5075
0.5362
0.5289
0.5212
0.5432
0.5325
0.5399
0.5634
0.5566
0.5743
0.6009
0.6155
0.5591
0.5402
0.5112
0.5032
0.5145
0.5261
0.5701
0.5756
0.5444
0.5139
0.5109
0.5093
0.5173
0.4941
0.5045
0.4721
0.4785
0.4715
0.4785
0.5106
0.5252
0.5313
0.5011
0.4889
0.5017
0.5029
0.5118
0.5405
0.5569
0.5392
0.5200
0.5200
0.5347
0.5453
0.5405
0.5362
0.5392
0.5524
0.5673
0.5292
0.5249
0.5640
0.5579
0.5530
0.5396
0.5283
0.5325
0.4980
0.5151
0.5542
0.5450
0.4932
0.5151
0.5203
0.5420
0.5252
0.4974
0.4974
0.5212
0.5731
0.6177
0.6049
0.5597
0.5518
0.5917
0.5847
0.5356
0.5338
0.5484
0.5463
0.5685
0.5820
0.5887
0.5347
0.4932
0.5099
0.5469
0.5872
0.5927
0.5795
0.5600
0.5405
0.5569
0.5508
0.5576
0.5347
0.4852
0.4687
0.5066
0.5121
0.4910
0.4898
0.5002
0.4944
0.4803
0.4718
0.4840
0.5112
