0.5795
0.5954
0.5704
0.5487
0.5420
0.5359
0.5582
0.5829
0.6094
0.6039
0.5765
0.5780
0.5768
0.5630
0.5902
0.5847
0.5597
0.5325
0.5334
0.5484
0.5252
0.4810
0.5023
0.5017
0.5264
0.5273
0.5627
0.5804
0.5890
0.6155
0.6183
0.6131
0.6274
0.6335
0.6094
0.5988
0.5887
0.5664
0.5600
0.5603
0.5814
0.5847
0.5902
0.6061
0.5850
0.5664
0.5576
0.5911
0.5978
0.5875
0.5716
0.5420
0.5508
0.5725
0.5917
0.6052
0.5917
0.5664
0.5646
0.5698
0.5814
0.5753
0.5597
0.5396
0.5496
0.5637
0.5850
0.5963
0.6201
0.5826
0.5713
0.5640
0.5463
0.5634
0.5701
0.5725
0.5981
0.5978
0.5933
0.5957
0.5743
0.5713
0.5927
0.5923
0.5945
0.6073
0.6006
0.5988
0.5698
0.5579
0.5399
0.5310
0.5478
0.5942
0.5951
0.5698
0.5576
0.5551
0.5942
0.6015
0.5756
0.5411
0.5688
0.5731
0.5692
0.5847
0.5746
0.5673
0.5692
0.5414
0.5356
0.5200
0.5359
0.5722
0.5862
0.5804
0.5594
0.5820
0.5579
0.5298
0.5603
0.6021
0.6183
0.5981
0.5670
0.5707
0.5789
0.5869
0.6317
0.6232
0.6161
0.5923
0.5844
0.5875
0.5975
0.5823
0.5899
0.6207
0.6152
0.5887
0.5820
0.5908
0.5887
0.5786
0.5566
0.5643
0.5862
0.5908
0.6036
0.5670
0.5792
0.5801
0.5603
0.5505
0.5444
0.5740
0.5774
0.5753
0.5542
0.5786
0.5740
0.5881
0.6003
0.6033
0.6116
0.6049
0.6058
0.6247
0.6039
0.5899
0.5673
0.5435
0.5472
0.5719
0.5753
0.5811
0.5798
0.5887
0.5771
0.5835
0.5811
0.5661
0.5679
0.5771
0.6073
0.6094
0.5887
0.5731
0.5573
0.5429
0.5539
0.5673
0.5753
0.5960
0.6061
0.6036
0.6070
0.5722
0.5670
0.5893
0.5823
0.5615
0.5588
0.5743
0.5515
0.5542
0.5630
0.5823
0.6018
0.6067
0.5905
0.5859
0.5801
0.5597
0.5573
0.5746
0.5978
0.5838
0.5746
0.5722
0.5811
0.5634
0.5655
0.5539
0.5304
0.5603
0.5768
0.5814
0.5594
0.5646
0.5960
0.5875
0.5878
0.5502
0.5502
0.5539
0.5420
0.5374
0.5417
0.5573
0.5798
0.5719
0.5829
0.5759
0.5518
0.5591
0.5789
0.5881
0.5600
0.5417
0.5835
0.6232
0.6265
0.6177
0.5923
0.5960
0.5774
0.5878
0.6094
0.5981
0.5991
0.6094
0.6329
0.6305
0.6146
0.6067
0.5905
0.5762
0.5817
0.5627
0.5371
0.5667
0.5707
0.5823
0.5850
0.5853
0.5893
0.5722
0.5695
0.5991
0.5872
0.5731
0.5719
0.6046
0.5951
0.5881
0.5737
0.5716
0.5765
0.5649
0.5630
0.5777
0.5862
0.6097
0.6018
0.5896
0.5890
0.5902
0.5966
0.5920
0.5713
0.5469
0.5469
0.5545
0.5719
0.5835
0.5789
0.5859
0.5704
0.6064
0.6290
0.6171
0.5920
0.5869
0.5872
0.5914
0.5795
0.5734
0.5743
0.5508
0.5273
0.5475
0.5960
0.5853
0.5591
0.5746
0.5637
0.5670
0.5856
0.6030
0.5725
0.5447
0.5478
0.5737
0.5704
0.5588
0.5359
0.5411
0.5762
0.5920
0.5841
0.5643
0.5487
0.5478
0.5688
0.5896
0.5756
0.5664
0.5603
0.5695
0.5499
0.5600
0.5643
0.6006
0.5853
0.5597
0.5588
0.5533
0.5600
0.5630
0.5768
0.5792
0.5673
0.5725
0.5765
0.5612
0.5591
0.5649
0.5536
0.5576
0.5908
0.5884
0.5783
0.5667
0.5725
0.5878
0.5658
0.5527
0.5768
0.5658
0.5655
0.5707
0.5743
0.5884
0.6024
0.6186
0.6192
0.6284
0.6247
0.5972
0.5963
0.5856
0.5908
0.5908
0.6079
0.5957
0.6082
0.6024
0.5811
0.5707
0.5447
0.5594
0.5551
0.5621
0.5652
0.5667
0.5646
0.5618
0.5820
0.5939
0.5899
0.5948
0.5838
0.5856
0.5826
0.5569
0.5548
0.5627
0.5508
0.5676
0.5881
0.5927
0.6018
0.5927
0.5832
0.5838
0.5804
0.5743
0.5423
0.5518
0.5707
0.5887
0.6183
0.6381
0.6271
0.6177
0.6232
0.6128
0.5798
0.5496
0.5722
0.5576
0.5603
0.5862
0.6140
0.5942
0.5817
0.5588
0.5536
0.5548
0.5438
0.5872
0.5771
0.5762
0.5682
0.5679
0.5792
0.5469
0.5499
0.5774
0.5804
0.5740
0.5621
0.5795
0.5688
0.5469
0.5618
0.5939
0.5795
0.5646
0.5652
0.5408
0.5627
0.5853
0.5875
0.5975
0.5823
0.5652
0.5579
0.5621
0.5661
0.5658
0.5835
0.5872
0.5936
0.5887
0.5695
0.5743
0.5862
0.6039
0.6070
0.6055
0.5963
0.5927
0.5490
0.5487
0.5508
0.5731
0.6149
0.6158
0.5719
0.5557
0.5478
0.5722
0.5902
0.5530
0.5273
0.5194
0.5469
0.5762
0.5634
0.5765
0.5969
0.5618
0.5511
0.5670
0.5890
0.6119
0.5887
0.5576
0.5728
0.5762
0.5786
0.5640
0.5829
0.5850
0.5655
0.5707
0.5872
0.5667
0.5585
0.5893
0.5936
0.5872
0.5804
0.5746
0.5771
0.5811
0.5765
0.5557
0.5411
0.5524
0.5841
0.5746
0.5826
0.5911
0.5850
0.5936
0.6110
0.6082
0.5920
0.5936
0.5728
0.5713
0.6174
0.6348
0.6088
0.5905
0.5905
0.5951
0.5936
0.6042
0.5984
0.5850
0.5630
0.5569
0.5273
0.5585
0.5655
0.5566
0.5490
0.5551
0.5649
0.5762
0.5716
0.5734
0.5792
0.5783
0.5939
0.5914
0.5862
0.6146
0.6186
0.5997
0.5780
0.5664
0.5731
0.5722
0.5670
0.5591
0.5826
0.6091
0.5911
0.5649
0.5920
0.6293
0.6094
0.5734
0.5453
0.5661
0.5563
0.5600
