Bath Temp. (C)	Shape Temp. (C)	Shape 2 Temp. (C)	Elapsed Time (S)
54.1	4.9	-66041.3	0.00
54.1	4.9	-66041.3	0.28
54.1	4.9	-66041.3	0.56
54.1	4.9	-66041.3	0.85
54.1	4.9	-66041.2	1.13
54.1	4.9	-66041.2	1.41
54.1	4.9	-66041.2	1.69
54.1	4.9	-66041.2	1.97
54.1	4.9	-66041.1	2.26
54.1	4.9	-66041.1	2.54
54.1	4.9	-66041.0	2.82
54.1	4.9	-66041.1	3.10
54.1	4.9	-66041.1	3.38
54.1	4.9	-66041.0	3.67
54.1	4.9	-66041.0	3.95
54.1	4.9	-66040.9	4.23
54.1	4.9	-66040.9	4.51
54.1	5.0	-66040.8	4.79
54.1	5.1	-66040.8	5.08
54.1	5.2	-66040.8	5.36
54.1	5.5	-66040.7	5.64
54.1	5.8	-66040.7	5.92
54.1	6.2	-66040.7	6.20
54.1	6.8	-66040.6	6.49
54.1	7.4	-66040.5	6.77
54.1	8.0	-66040.6	7.05
54.1	8.7	-66040.4	7.33
54.1	9.4	-66040.4	7.61
54.1	10.2	-66040.4	7.90
54.1	10.9	-66040.3	8.18
54.1	11.7	-66040.2	8.46
54.1	12.5	-66040.2	8.74
54.1	13.2	-66040.1	9.02
54.1	14.0	-66040.0	9.30
54.1	14.8	-66040.1	9.59
54.1	15.5	-66039.9	9.87
54.1	16.3	-66039.8	10.15
54.1	17.1	-66039.9	10.43
54.1	17.8	-66039.8	10.71
54.1	18.6	-66039.8	11.00
54.1	19.3	-66039.6	11.28
54.0	20.1	-66039.5	11.56
54.1	20.8	-66039.5	11.84
54.1	21.5	-66039.5	12.12
54.1	22.2	-66039.4	12.41
54.1	22.9	-66039.3	12.69
54.1	23.6	-66039.2	12.97
54.0	24.2	-66039.1	13.25
54.1	24.9	-66039.1	13.53
54.1	25.5	-66039.0	13.82
54.1	26.2	-66038.9	14.10
54.1	26.8	-66038.8	14.38
54.1	27.4	-66038.8	14.66
54.1	28.0	-66038.7	14.94
54.1	28.6	-66038.7	15.23
54.1	29.2	-66038.6	15.51
54.1	29.7	-66038.5	15.79
54.0	30.3	-66038.4	16.07
54.1	30.8	-66038.3	16.35
54.0	31.4	-66038.3	16.63
54.1	31.9	-66038.2	16.92
54.1	32.4	-66038.1	17.20
54.1	32.9	-66038.0	17.48
54.1	33.4	-66038.0	17.76
54.1	33.9	-66037.8	18.05
54.1	34.3	-66037.8	18.33
54.1	34.8	-66037.6	18.61
54.0	35.2	-66037.6	18.89
54.0	35.7	-66037.5	19.17
54.1	36.1	-66037.5	19.45
54.0	36.5	-66037.4	19.74
54.0	37.0	-66037.3	20.02
54.0	37.4	-66037.2	20.30
54.0	37.8	-66037.1	20.58
54.0	38.1	-66037.1	20.86
54.0	38.5	-66036.8	21.15
54.0	38.9	-66036.9	21.43
54.0	39.3	-66036.8	21.71
54.0	39.6	-66036.6	21.99
54.1	39.9	-66036.6	22.27
54.0	40.3	-66036.5	22.56
54.0	40.6	-66036.4	22.84
54.0	40.9	-66036.3	23.12
54.0	41.2	-66036.2	23.40
54.0	41.5	-66036.1	23.68
54.0	41.8	-66036.0	23.97
54.0	42.0	-66035.9	24.25
54.0	42.3	-66035.8	24.53
54.0	42.6	-66035.7	24.81
54.0	42.9	-66035.6	25.09
54.0	43.2	-66035.5	25.38
54.0	43.4	-66035.4	25.66
54.0	43.7	-66035.3	25.94
54.0	43.9	-66035.3	26.22
54.0	44.2	-66035.2	26.50
54.0	44.4	-66035.2	26.78
54.0	44.7	-66034.9	27.07
54.0	44.9	-66034.9	27.35
54.0	45.1	-66034.7	27.63
54.0	45.3	-66034.7	27.91
54.0	45.6	-66034.6	28.19
54.0	45.8	-66034.4	28.48
54.0	46.0	-66034.4	28.76
54.0	46.2	-66034.3	29.04
54.0	46.4	-66034.1	29.32
54.0	46.6	-66034.1	29.60
54.0	46.7	-66034.0	29.89
54.0	46.9	-66033.8	30.17
54.0	47.1	-66033.7	30.45
54.0	47.3	-66033.6	30.73
54.0	47.5	-66033.5	31.01
54.0	47.6	-66033.4	31.30
54.0	47.8	-66033.3	31.58
54.0	47.9	-66033.2	31.86
54.0	48.1	-66033.1	32.14
54.0	48.2	-66033.0	32.42
54.0	48.4	-66032.9	32.70
54.0	48.5	-66032.8	32.99
54.0	48.6	-66032.7	33.27
54.0	48.8	-66032.6	33.55
54.0	48.9	-66032.5	33.83
54.0	49.0	-66032.4	34.11
54.0	49.1	-66032.3	34.40
54.0	49.2	-66032.3	34.68
54.0	49.3	-66032.1	34.96
54.0	49.4	-66032.1	35.24
54.0	49.6	-66031.9	35.53
54.0	49.6	-66031.8	35.81
54.0	49.7	-66031.7	36.09
54.0	49.9	-66031.7	36.37
54.0	49.9	-66031.5	36.65
54.0	50.0	-66031.3	36.93
54.0	50.1	-66031.3	37.22
54.0	50.2	-66031.2	37.50
54.0	50.3	-66031.0	37.78
54.0	50.4	-66031.0	38.06
54.0	50.5	-66030.8	38.34
54.0	50.6	-66030.7	38.63
54.0	50.7	-66030.6	38.91
54.0	50.7	-66030.5	39.19
54.0	50.8	-66030.4	39.47
54.0	50.9	-66030.4	39.75
54.0	51.0	-66030.2	40.04
54.0	51.0	-66030.1	40.32
54.0	51.1	-66030.0	40.60
54.0	51.2	-66029.9	40.88
54.0	51.2	-66029.8	41.16
54.0	51.3	-66029.6	41.44
54.0	51.4	-66029.6	41.73
54.0	51.4	-66029.5	42.01
54.0	51.4	-66029.4	42.29
54.0	51.5	-66029.2	42.57
54.0	51.6	-66029.1	42.85
54.0	51.6	-66029.1	43.14
53.9	51.7	-66029.1	43.42
53.9	51.8	-66028.9	43.70
53.9	51.8	-66028.7	43.98
54.0	51.9	-66028.6	44.26
53.9	51.9	-66028.5	44.55
53.9	51.9	-66028.4	44.83
53.9	52.0	-66028.3	45.11
53.9	52.0	-66028.2	45.39
53.9	52.1	-66028.0	45.67
53.9	52.1	-66028.0	45.96
54.0	52.1	-66027.9	46.24
53.9	52.2	-66027.7	46.52
53.9	52.3	-66027.7	46.80
54.0	52.3	-66027.5	47.08
53.9	52.3	-66027.4	47.37
54.0	52.3	-66027.3	47.65
53.9	52.4	-66027.3	47.93
54.0	52.4	-66027.1	48.21
53.9	52.5	-66027.0	48.49
53.9	52.5	-66026.9	48.78
54.0	52.5	-66026.8	49.06
53.9	52.5	-66026.7	49.34
54.0	52.6	-66026.6	49.62
54.0	52.6	-66026.5	49.90
53.9	52.7	-66026.4	50.18
53.9	52.7	-66026.3	50.47
53.9	52.7	-66026.1	50.75
53.9	52.7	-66026.0	51.03
53.9	52.8	-66025.9	51.31
53.9	52.8	-66025.8	51.59
53.9	52.8	-66025.7	51.88
53.9	52.8	-66025.7	52.16
53.9	52.9	-66025.6	52.44
53.9	52.9	-66025.4	52.72
53.9	52.9	-66025.3	53.00
54.0	52.9	-66025.2	53.29
53.9	53.0	-66025.1	53.57
53.9	53.0	-66025.0	53.85
53.9	53.0	-66024.9	54.13
53.9	53.0	-66024.8	54.41
53.9	53.0	-66024.6	54.70
53.9	53.1	-66024.5	54.98
53.9	53.1	-66024.4	55.26
53.9	53.1	-66024.4	55.54
53.9	53.1	-66024.2	55.82
53.9	53.1	-66024.2	56.11
53.9	53.2	-66024.0	56.39
53.9	53.2	-66023.9	56.67
53.9	53.2	-66023.8	56.95
53.9	53.2	-66023.7	57.23
53.9	53.2	-66023.7	57.52
53.9	53.3	-66023.5	57.80
53.9	53.3	-66023.3	58.08
53.9	53.3	-66023.3	58.36
53.9	53.3	-66023.1	58.64
53.9	53.3	-66023.1	58.93
53.9	53.3	-66022.9	59.21
53.9	53.3	-66022.8	59.49
53.9	53.3	-66022.8	59.77
53.9	53.4	-66022.8	60.05
53.9	53.4	-66022.5	60.34
53.9	53.4	-66022.4	60.62
53.9	53.4	-66022.3	60.90
53.9	53.4	-66022.3	61.18
53.9	53.4	-66022.1	61.46
53.9	53.4	-66022.1	61.75
53.9	53.4	-66021.9	62.03
53.9	53.5	-66021.8	62.31
53.9	53.5	-66021.8	62.59
53.9	53.5	-66021.6	62.87
53.9	53.5	-66021.6	63.15
53.9	53.5	-66021.4	63.44
53.9	53.5	-66021.4	63.72
53.9	53.5	-66021.3	64.00
53.9	53.5	-66021.1	64.28
53.9	53.5	-66021.1	64.56
53.9	53.5	-66020.9	64.85
53.9	53.5	-66020.9	65.13
53.9	53.6	-66020.7	65.41
53.9	53.6	-66020.6	65.69
53.9	53.6	-66020.5	65.97
53.9	53.6	-66020.4	66.26
53.9	53.6	-66020.3	66.54
53.9	53.6	-66020.3	66.82
53.9	53.6	-66020.1	67.10
53.9	53.6	-66020.0	67.38
53.9	53.6	-66019.8	67.66
53.9	53.7	-66019.9	67.95
53.9	53.6	-66019.8	68.23
53.9	53.7	-66019.6	68.51
53.9	53.7	-66019.5	68.79
53.9	53.7	-66019.4	69.07
53.9	53.7	-66019.3	69.36
53.9	53.7	-66019.2	69.64
53.9	53.7	-66019.1	69.92
53.9	53.7	-66019.0	70.20
53.9	53.7	-66018.9	70.49
53.9	53.7	-66018.8	70.77
53.9	53.7	-66018.7	71.05
53.9	53.7	-66018.7	71.33
53.9	53.7	-66018.5	71.61
53.9	53.7	-66018.5	71.89
53.9	53.7	-66018.4	72.18
53.9	53.7	-66018.3	72.46
53.9	53.7	-66018.1	72.74
53.9	53.7	-66018.0	73.02
53.9	53.7	-66018.0	73.30
53.9	53.7	-66017.9	73.59
53.8	53.8	-66017.8	73.87
53.9	53.8	-66017.7	74.15
53.9	53.7	-66017.7	74.43
53.9	53.8	-66017.5	74.71
53.9	53.8	-66017.4	75.00
53.9	53.8	-66017.3	75.28
53.9	53.8	-66017.1	75.56
53.9	53.8	-66017.1	75.84
53.9	53.8	-66017.0	76.12
53.8	53.8	-66016.9	76.41
53.9	53.8	-66016.7	76.69
53.9	53.8	-66016.7	76.97
53.9	53.8	-66016.5	77.25
53.9	53.8	-66016.5	77.53
53.9	53.8	-66016.4	77.82
53.9	53.8	-66016.3	78.10
53.9	53.8	-66016.2	78.38
53.9	53.8	-66016.1	78.66
53.9	53.8	-66016.0	78.94
53.9	53.8	-66016.2	79.22
53.9	53.8	-66015.9	79.51
53.9	53.8	-66015.8	79.79
53.9	53.8	-66015.7	80.07
53.9	53.8	-66015.6	80.35
53.9	53.8	-66015.6	80.63
53.9	53.8	-66015.4	80.92
53.9	53.8	-66015.2	81.20
53.9	53.8	-66015.2	81.48
53.8	53.8	-66015.0	81.76
53.8	53.8	-66014.9	82.04
53.8	53.8	-66015.0	82.33
53.8	53.8	-66014.9	82.61
53.8	53.8	-66014.8	82.89
